0 0 0 0 0.75 0 0 0 0 0 0 0 0 0 0 0 0 0 1.5 0 0 0 0 0 3.75 3 2.25 0.75 0.75 0.75 0.75 0.75 0 0.75 0.75 0.75 0.75 0 0.75 0.75 0 0.75 0.75 0 0.75 0 0 0 0 0.222 0 0 0 0 1.833 12 77 0
0.84 0 0 0 0 0 0 0 0 0 0 0.84 0 0 0 0 0 0 0.42 0 0 0 0 0 0 0 0 0 0 0 0 0 0 0 0 0 0 0 0 0 0 0 0 0.84 0 0 0 0 0.082 0.414 0 0 0 0 3.34 7 167 0
0 0.24 0 0 0.24 0 0 0.24 0 0.49 0 0 0 1.48 0 0 0 0 0.99 0 0 0 0 0 0.49 0 0.24 0 0 0 0.24 0 0 0 0.24 0 0.74 0 0 0 0 0 0 0 0 0 0 0 0 0 0 0 0.16 0 9.31 235 1108 0
0.57 0 0.57 0 0 0 0 0.57 0 0 0 1.14 0 0 0 0 0 0 5.14 0 1.14 0 2.85 0 0 0 0 0 0 0 0 0 0 0 0 0 0 0 0 0 0 0 0 0 0 0 0 0 0 0 0 0.211 0.74 0 2.9 32 116 1
0 0 2.12 0 1.06 0 0 0 0 0 0 2.12 0 0 0 0 0 0 5.31 0 1.06 0 0 0 0 0 0 0 0 0 0 0 0 0 0 0 0 0 1.06 0 0 2.12 0 0 0 0 0 0 0 0 0 0 0 0 1.238 4 26 0
0.43 0 0.87 0 0.87 0 0.87 0 0 0 0 0.43 0 0 0 0 0.43 0.43 4.38 0 1.31 0 1.31 0 0 0 0 0 0 0 0 0 0 0 0.43 0 0 0 0 0 0 0 0 0 0.43 0 0 0 0 0.145 0 1.021 0.218 0 3.35 59 134 1
0 0 0.71 0 0.23 0 0 0 0.23 0.23 0.23 1.9 0 0 0 0.23 0 0 3.81 0.23 1.19 0 0 0 0 0 0 0 0 0 0 0 0 0 0 0 0 0 0 0 0 0 0 0 0 0 0 0 0 0.109 0 1.018 0.036 0 4.022 97 543 1
0 0 0 0 0.43 0.43 0.43 0.43 0 0 0 0.43 0 0 0 0 0 0 0.87 0 0 9.17 0 0 0 0 0 0 0 0 0 0 0 0 0 0 0 0 0 0 0 0 0 0 0 0 0 0 0 0 0 0.395 0 1.121 7.983 72 495 1
0 0 0.47 0 0.7 0 0.7 0.23 0 0 0 0.47 0 0 0 1.65 0.7 0.23 2.12 0 1.65 0 0 0.23 0 0 0 0 0 0 0 0 0 0 0 0.23 0 0 0 0 0 0 0 0 0.23 0 0 0 0 0.037 0.037 1.362 0.037 0 5.236 111 576 1
0 0 2.32 0 0 0 0 0 0 2.32 0 0 0 0 1.16 0 0 0 2.32 0 0 0 0 0 0 2.32 0 0 0 0 0 0 0 0 0 0 0 0 0 0 0 0 1.16 0 1.16 0 0 0 0 0.204 0 0 0 0 1.75 11 35 0
0 0 0 0 0 0 0 0 0 0.9 0 1.81 0 0 0 0 0 0 0 0 0 0 0 0 0.9 0.9 0 1.81 0 0 0 0 0 0 0 0.9 0 0 0.9 0 0 0 0 0 0 0 0 0 0 1.208 0 0 0 0 5.111 58 138 0
0 0 0.47 0 0.47 0 0 0.47 0 0 0 0.94 0 0 1.88 0 0.47 0.47 2.83 0 2.35 0 1.41 0 0 0 0 0 0 0 0 0 0 0 0 0 0 0 0.47 0.47 0 0 0 0 0 0 0 0 0 0.164 0 0.082 0.41 0 5.074 60 137 1
0 0 0 0 0 0 0 0.56 0 0 0 0 0 0 0 0 0 0 1.12 0 0 0 0 0 0 0 0 0 0 0 0 0 0 0 0 0 0 0 1.12 0 0 0 0 0 1.12 0.56 0 0 0 0.181 0.09 0.181 0 0 4.5 34 153 0
0.26 1.07 0 0 1.61 0 1.07 0.26 0.26 0 0 0.8 0 0 0 0 0 1.61 3.5 0 1.34 0 0 0.26 0 0 0 0 0 0 0 0 0 0 0 0 0 0 0 0 0 0 0 0 0.8 0 0 0 0 0.092 0 0.324 0 0 7.369 52 339 1
0.34 0 0.69 0 0 0 0 0 0 0 0 0.69 0 0 0 0 0 0 2.09 0 0 0 0 0 0 0 0 0 0 0 0 0 0 0 0 0 0 0 0 0 0 0.69 0 1.39 0 0.34 0 0 0 0.374 0 0 0 0 1.775 5 71 0
0 0 0 0 0.98 0 0 0 0 0.98 0.98 0.98 0 0 0 0.98 0 0.98 2.94 0 1.96 0 0 0 0.98 0.98 0 0 0 0 0 0 0 0 0 0 0 0 0 0 0 0 0 0 0 0.98 0 0 0 0 0 0.278 0 0 2.95 18 59 1
0 0 0.45 0 0 0.22 0 0 0 0 0 0 0.45 0 0 0 0 0 1.83 0 0.45 0 0 0 0 0 0 0 0.22 0 0 0 0 0 0 0 0 0 0 0 0.68 0 0 0.45 0.22 0.22 0 0 0 0.082 0 0.041 0 0 1.5 7 123 0
0 0 0 0 0 0 0 0 0 0 0 0 0 0 0 0 0 0 0 0 0 0 0 0 0 0 0 0 0 0 0 0 0 0 0 0 0 0 0 0 0 0 0 0 0 0 0 0 0 0.041 0 0 0 0 1.938 33 95 1
0 0 0 0 0 0.76 0 0 0 0 0 0.76 0 0.76 0 0 0 0 1.53 0 0.76 0 0 0 0 0 0.76 0 0 0 0 0 0.76 0 0 0 0 0 0 0 0 0.76 0 0 0 0 0 0 0.133 0.133 0 0 0 0 1.269 4 33 0
0 0 0 0 0 0 0 0 0 0.84 0 0.84 0 0 0 0 0 0 2.54 0 1.69 0 0 0 0 0 0 0 0 0 0 0 0 0 0 0 0 0 0 0 0 0 0 0 0 1.69 0 0 0 0.134 0 0 0 0 1.285 5 27 0
0 0 0 0 0 0 0 0 0 0 0 0 0 0 0 0 0 0 0 0 0 0 0 0 0 0 0 0 0 0 0 0 0 0 0 0 0 0 0 0 0 0 0 0 0 0 0 0 0 0 0 0 0 0 1 1 4 0
0 0 1.81 0 0 0 0 0 0 0 0 1.81 0 0 0 0 0 0 0 0 0 0 0 0 0 0 0 0 0 0 0 0 1.81 0 0 0 0 0 0 0 0 3.63 0 0 0 0 0 0 0 0 0.849 0 0 0 2.294 8 39 0
0 0 0 0 0 0 0 0 0 0 0 0 0 0 0 0 0 0 0 0 0 0 0 0 9.52 4.76 4.76 4.76 4.76 4.76 4.76 4.76 0 4.76 4.76 4.76 0 0 0 4.76 0 0 0 0 0 0 0 0 0 1.257 0 0 0 0 3.333 11 30 0
0 0 0 0 2.43 0 0 0 0 0 0 0 0 0 0 0 0 0 2.43 0 0 0 0 0 0 0 2.43 0 0 0 0 0 0 0 0 0 0 0 0 0 0 0 0 0 0 0 0 0 0 0.442 0 0 0 0 1.2 3 12 0
0 0 0 19.16 0.18 0 0.18 0 0 0 0 0 0 0 0 1.89 0 0 0.56 0 0 9.48 0 0.18 0 0 0 0 0 0 0 0 0 0 0 0 0 0 0 0 0 0 0 0 0 0 0 0 0 0 0 0 0 0.294 25.22 180 1261 1
0 0 0.2 0 0.81 1.01 0 0 0 0 0.2 1.21 0 0 0 0 0 0.2 1.21 0 0 0 0.6 0.4 0 0 0 0 0 0 0 0 0 0 0 1.62 0.2 0 0 0 0 0 0 0 0 0 0 0 0 0.152 0 0.121 0.121 0 2.61 10 261 1
0.31 0 0.31 0 0 0 0 0 0 0 0 0 0.31 0 0 0 0 0 1.24 0 0 0 0 0 0 0 0 0 0.31 0 0 0 0 0 0 0 0.31 0 0 0 0.31 0 0.31 0 0.31 0.31 0 0 0 0 0.051 0 0 0 1.409 12 62 0
0 0 0 0 0 0.68 0 1.36 0.68 0.68 0 0 0 0 0 0.68 2.73 0.68 1.36 3.42 1.36 0 0 0 0 0 0 0 0 0 0 0 0 0 0 0 0 0 0 0.68 0 0 0 0 0 0 0 0 0 0 0 1.143 0.519 0 3.737 75 228 1
0 0 0.61 0 0 0 0.61 0 0 0 0 0 0 0 0 0 1.23 1.85 2.46 0 1.23 0 0 0 0 0 0 0 0 0 0 0 0 0 0 0 0 0 0 0 0 0 0 0 0 0 0 0 0 0.176 0 0.353 0 0 2.25 13 81 1
0.27 0.27 0.55 0 0.27 0.27 0 1.37 0.27 0.82 0.27 0.55 0 0 0 0 1.37 0.55 1.65 2.2 3.03 0 0 0 0 0 0 0 0 0 0 0 0 0 0 0 0 0 0 0.27 0 0 0 0 0 0 0 0 0 0.28 0 1.029 0.093 0 3.621 63 344 1
0 0 0.33 0 0.33 0 0.33 0.33 0 0 0 0.33 0 0 0 1.65 0 1.65 2.64 0 0.66 0 0 0 0 0 0 0 0 0 0 0 0 0 0 0 0 0 0 0 0 0 0 0 0 0 0 0 0 0 0.161 0.537 0 0 2.517 9 141 1
0 0 0 0 0 0 0 0 0 0 0 3.33 0 0 0 0 0 0 0 0 0 0 0 0 0 0 0 0 0 0 0 0 0 0 0 0 0 0 0 0 0 0 0 0 0 0 0 3.33 0 0 0 0.636 0 0 2 10 18 0
0 0 0 0 0 0 0 0 0 0 0 0 0 0 0 0 0 0 0 0 0 0 0 0 16.66 0 0 0 0 0 0 0 0 0 0 0 0 0 0 0 0 0 0 0 8.33 0 0 0 0 0 0 0 0 0 3.333 14 20 0
0 0 0 0 0 0 0 0 0 0 0 0 0 0 0 0 0 0 8.1 0 0 0 0 0 0 0 0 0 0 0 0 0 0 0 0 0 0 0 0 0 0 0 0 0 2.7 0 0 0 0 0 0 0 0 0 1.8 5 9 0
0 0 1.56 0 0 0 1.56 0 0 0 0 0 0 0 0 1.56 0 0 0 0 0 0 0 0 0 0 0 0 0 0 0 0 0 0 0 0 0 0 0 0 0 0 0 0 1.56 0 0 0 0 0.256 0 0.769 0 0 2.125 12 34 1
0 0.87 0.87 0 0 0 0 0 0 0.87 0 0.87 0 0 0 0 0 0 3.5 0 0.87 0 0 0.87 0 0 0 0 0 0 0 0 0 0 0 0 0 0 0 0 0 0 0 0 0.87 0 0 0 0 0 0 0 0.138 0 2.136 21 47 0
0.73 0 0.36 0 0.36 0.36 1.09 0 0 0 0 0.36 0 0 0 0.36 1.83 0.73 2.56 0 1.09 0 0.36 1.09 0 0 0 0 0 0 0 0 0 0 0 0 0 0 0 0 0 0 0 0 0 0 0 0 0 0.183 0 0.427 0.061 0 4.42 192 305 1
0 1.17 0 0 0 0 0 0 1.17 0 0 0 0 0 0 0 0 0 0 0 0 0 0 0 0 1.17 2.35 0 0 0 0 0 0 0 0 0 1.17 0 0 0 0 0 0 0 0 0 0 1.17 0.376 0 0 0 0 0 2.925 16 117 0
0 0 0 0 0 0 0 0 0 0 0 3.27 0 0 0 0 0 0 0 0 0 0 0 0 0 0.81 0 0 0 0 0 0 0 0 0 0 0 0 0 0 0 0 0 0 0 0 0.81 0 0.232 0.116 0 0 0 0 1.976 9 83 0
0 0 0.29 0 0.59 0.29 0.29 0 0.29 1.78 0 0.89 0 0 0 0 0.59 0.29 4.16 0 0.89 0 0 0 0 0 0 0 0 0 0 0 0 0 0 0 0 0 0 0 0 0 0 0 0 0 0 0 0 0.137 0 0.045 0.045 0 12.2 163 488 1
0.39 0 0.39 0 0.59 0 0 0 0 0 0 0.19 0 0 0 0 0 0.19 0.59 0 0.19 0 0 0 1.39 0 0 0.39 0 0 0 0 0.59 0 0.39 0 0.19 0 0 0 0 0 0 0 0.39 0.19 0 0 0 0.191 0 0 0 0 2.566 34 349 0
0 0 0 0 0 0 2.22 2.22 0 0 0 0 0 0 0 0 0 0 0 0 0 0 0 0 0 0 0 0 0 0 0 0 0 0 0 0 0 0 0 0 0 0 0 0 0 0 0 0 0 0.665 0 0 0.665 0 4.571 25 64 0
0.19 0 0.19 0 0.87 0.48 0.09 0 0.09 0.39 0.48 0.68 0.19 0 0.09 0.29 1.07 0.39 3.51 0.78 1.56 0 0.09 1.36 0 0 0 0 0 0 0 0 0 0 0 0 0 0 0 0 0 0 0 0 0.09 0 0 0 0.015 0.18 0 0.045 0.015 0 2.133 40 303 1
0 0 0 0 0 0 0 0 0 0 0 0 0 0 0 0 0 0 4 0 0 0 0 0 0 0 0 0 0 0 0 0 0 0 0 0 0 0 0 0 0 0 0 0 0 0 0 0 0 0 0 0.729 0 0 1.875 4 15 0
0 0 0.06 0 0 0 0 0.06 0.13 0.13 0.13 1.67 0.26 0.33 0 0.13 0.13 0 0 0.06 0.06 0 0 0 2.54 0.13 0 0 0.2 0.26 0.13 0 0 0 0.06 0.2 0.13 0.06 0 0.06 0 0 0 0 0 0 0 0 0.028 0.131 0 0 0 0 1.997 20 787 0
0 0 2.04 0 0 0 0 0 0 0 0 0 0 0 0 0 0 0 4.08 0 2.04 0 0 0 0 0 0 0 0 0 0 0 0 0 0 0 0 0 0 0 0 0 0 0 2.04 4.08 0 0 0.226 0 0 0 0 0 1 1 8 0
0 0.29 0.29 0 0.58 0 0.58 0 0 0.58 0.29 0.29 0 0 0 1.46 0.29 0.87 1.16 0.87 1.16 0 0 0 0 0 0 0 0 0 0 0 0 0 0 0 0 0 0 0 0 0 0 0 0.29 0 0 0 0 0.086 0 0.606 0 0.043 3.591 37 352 1
0 0.8 0 0 0.8 0 0.8 0 0 0.8 0 0 0 0 0 0.8 0.8 0.8 1.61 0 1.61 0 0 0 0 0 0 0 0 0 0 0 0 0 0 0 0 0 0 0 0 0 0 0 0 0 0 0 0 0.134 0 0.269 0 0 3.115 19 81 1
0 0.59 0 0 0 0 0.59 0 0 0.59 0 0.59 0 0 0 0 0 1.18 1.77 0 0 0 0 0 0 0 0 0 0 0 0 0 0 0 0 0 0 0 0 0 0 0 0 0 0 0 0 0 0 0.257 0 0 0 0 8.586 66 249 1
0 0 0.59 0 0 0 0 0 0 0.29 0 0.59 0 0 0 0.29 0 0.29 1.47 0 0.29 0 0 0 0 0 0 0 0 0 0 0 0 0 0 0 0.29 0 0 0 0 0 0 0 0 0 0 0 0.039 0.235 0 0.471 0 0.039 3.659 70 333 0
0 0.24 0.72 0 0.24 0 0.12 0 0 0.36 0.12 0 0.12 0 0.12 0.12 0 0.6 0.36 0.12 0.6 0 0 0 0 0 0 0 0 0 0 0 0 0 0 0 0 0 0 0.12 0 0 0 0 0 0 0 0 0 0.018 0 0.34 0 0.018 5.634 158 1234 1
0 0 0 0 0 0 0 0 0 0 0 0 0 1.61 0 0 0 0 0 0 1.61 0 0 0 0 0 1.61 0 0 0 0 0 0 0 0 0 0 0 0 0 0 3.22 0 0 0 0 0 0 0.253 1.518 0 0.506 0 0 2.047 6 43 0
0 0 0 0 0 0 0 0 0 0 0 0 0 0 0 0 0 0 2.53 6.32 0 1.26 0 0 0 0 0 0 0 0 0 0 0 0 0 0 0 0 0 0 0 0 0 0 0 0 0 0 0 0 0 0.649 0 0.432 5.875 46 94 1
0 0 0 0 0 0 0 0 0 0 0 0 0 0 0 0 0 0 0 0 0 0 0 0 0 0 0 0 0 0 0 0 0 0 0 0 0 0 0 0 0 0 0 0 0 0 0 0 0 0 0 0 0 0 3.333 8 10 0
0 0 3.03 0 0.43 0 0.86 0 0 0 0.43 0.43 0 0 0 2.16 0 1.29 3.46 0 1.73 0 0 0 0 0 0 0 0 0 0 0 0 0 0 0 0 0 0 0 0 0 0 0 0 0 0 0 0 0.2 0 0.801 0 0 4.77 41 353 1
0 0 0 0 0 0 0 0 0 0 0 1.29 0 0 0 0 0 0 0 0 0 0 0 0 0 0 0 0 0 0 0 0 0 0 0 0 0.64 0 0 0 0 0 0 0 0 0 0 0 0 0 0 0 0 0 2.275 8 91 0
0.41 0 0.41 0 0 0 0.41 0 0 0 0.41 0 0.41 0 0 0 0 0 2.05 0 1.23 0 0 0.41 0 0 0 0 0 0 0 0 0.41 0 0 0 0.41 0.41 0 0 0 0 0 0 0 0 0 0 0 0.067 0 0.067 0 0 1.863 14 41 1
0.17 0 0.17 0 1.45 0.34 0.05 0.05 0.05 0.05 0.05 0.52 0.29 0.05 0 0 0.69 0.05 4.24 0.23 1.04 0 0.75 0.05 0 0 0 0 0 0 0 0 0 0 0 0 0 0 0 0 0 0 0 0 0 0 0 0 0.01 0.051 0 0.02 0.163 0 1.796 12 458 1
0 0 0 0 0 0.05 0 0.34 0 0 0.11 0.81 0.05 0.11 0 0 0.75 0 0 0 0 0 0.05 0 1.16 0 0 0 0 0 0 0 0.05 0 0 0.23 0.05 0 0 0 0 0 0 0 0 0 0 0 0.283 0.107 0 0 0.053 0 1.864 32 910 1
0.06 0.12 0.77 0 0.19 0.32 0.38 0 0.06 0 0 0.64 0.25 0 0.12 0 0 0.12 1.67 0.06 0.7 0 0.19 0 0 0 0 0 0 0 0 0 0 0 0 0 0 0 0 0 0 0 0 0.06 0 0 0 0 0.041 0.031 0 0.25 0.073 0 1.764 37 766 1
0.48 0 0.97 0 0.48 0 0.97 0 0 0 0 0.48 0 0 0 0 0.48 0.48 4.36 0 1.45 0 1.45 0 0 0 0 0 0 0 0 0 0 0 0.48 0 0 0 0 0 0 0 0 0 0.48 0 0 0 0 0 0 1.085 0.232 0.077 5.166 58 186 1
0 0 0 0 0.94 0 0 0 0 0 0 0 0 0 0 0 0 0 1.88 0 2.83 0 0 0 0 0 0 0 0 0 0 0 0 0 0 0 0 0 0 0 0 0 0 0 0 0 0 0 0 0 0 0.443 0 0 4.652 31 107 1
0 0 0 0 0 0.54 1.63 0 0 0 0.54 0.54 0 0 0 0.54 2.73 0.54 4.91 0 2.18 0 0 0 0 0 0 0 0 0 0 0 0 0 0 0 0 0 0 0 0 0 0 0 0 0 0 0 0 0 0 0 0.171 0 2.592 32 70 1
0 0 0.18 0 0.55 0.37 0.18 0.18 0 0.18 0 0.18 0 0 0 0 0 0 0.74 0 0.37 0 0.18 0 0 0 0 0 0 0 0 0 0.55 0 0 0.74 0 0 0 0 0 0 0 0 0 0 0 0 0 0.081 0 0 0.027 1.625 2.326 11 363 1
0.77 0.38 0.77 0 0 0.57 0 0.57 1.15 1.15 0 0.38 0.38 0 1.15 0.19 0.19 2.11 2.11 1.15 1.15 0 1.34 0.77 0 0 0 0 0 0 0 0 0 0 0.19 0 0 0 0 0 0 0 0 0 0 0 0 0 0.027 0.027 0 0.437 0.191 0.054 14.406 525 922 1
0.25 0 0.51 0 0 0.25 0 0 0 0.12 0 0 0.25 0 0 0.25 0.25 0.38 1.78 0 0.51 0 0 0 0 0 0 0 0 0 0 0 0 0 0 0 0 0 0 0 0 0 0 0 0.38 4.34 0 0 0.019 0.019 0 0 0.038 0 1.642 17 207 0
0 0 0 0 0.68 0 2.04 0 0 0 0 0 0 0 0 0 0 2.04 1.36 0.68 2.04 0 0 0 0 0 0 0 0 0 0 0 0 0 0 0 0 0 0 0 0 0 0 0 0 0 0 0 0 0 0 0.309 0 0 2.111 14 95 1
0 0 0.51 0 0.17 0 0 0 0 0 0 0.34 0 0 0 0 0 0 2.73 0 0 0 0 0 0 0 0 0 0 0 0 0 0 0 0 0 0 0 0 0 0 0 0 0 0 0 0 0 0 0.064 0 0.064 0 0 3.587 55 226 0
0 0 0.55 0 0 0 0 0 0 0 0 0.55 0.55 0 0 0 0 0 0.55 0 0 0 0 0 0 0 0 0 0 0 0 0 0 0 0 0 0 0 0 0 0 0 0 0 0 0.55 0 0 0 0.087 0 0 0 0 2.54 47 94 0
0 0 0 0 0 0 0 0 0 0 0 0 0 0 0 0 0 0 0 0 0 0 0 0 0 0 7.14 0 0 0 0 0 0 0 0 0 0 0 0 0 0 0 0 0 0 0 0 0 0 0 0 1.086 0 0 1 1 3 0
1.26 0 0 0 0 0 0 0 0 1.26 0 1.26 0 0 0 0 0 1.26 2.53 0 0 0 0 0 0 0 0 2.53 0 0 0 0 0 0 0 0 0 0 0 0 1.26 0 0 0 1.26 2.53 0 0 0 0 0 0 0 0 2.842 11 54 0
0 0 0 0 0.9 0 0 0 0 0 0 1.8 0 0 0 0 0 0 1.8 0 0.9 0 0 0 0 0 0 0 2.7 0 0 0 0 0 0 0 0 0 0 0 0 2.7 0 0 0 0 0 0 0 0 0 0 0 0 1.631 8 31 0
0.87 0.43 0 0 0 0 0 0 0 0.43 0 0.87 0 0 0 0 0 0 3.5 0 1.31 0 0 0 1.31 0.43 0 0 0 0 0 0 0 0 0.43 0 0 0 0 0 0 0 0 0 0 0 0 0 0 0.19 0 0 0 0 2.085 25 73 0
0 0 0 0 0 0 0 0 0 0 0 0 0 0 0 6.45 0 0 3.22 0 6.45 0 0 0 0 0 0 0 0 0 0 0 0 0 0 0 0 0 0 0 0 0 0 0 0 0 0 0 0 0 0 0 0 0 1 1 2 1
0 0 0.3 0 0.3 0.3 0.3 0.3 0 0 0.6 0.9 0 0 0 0.9 0.6 0.3 2.4 2.7 3 0 0 0.6 0 0 0 0 0 0 0 0 0 0 0 0 0 0 0 0 0 0 0 0 0 0 0 0 0 0.048 0 0.144 0 0.096 5.403 139 281 1
0 0 0 0 0 0 0 0 0 0.81 0 0.81 0 0 0 0 0 0 1.63 0 0.81 0 0 0 0 0 0 0 0 0 0 0 0 0 0 0 0 0 0 0 0 0 0 0 0 0 0 0 0.147 0 0 0.294 0.147 0 2.333 11 63 1
0.16 0 0.67 0 0.33 0.16 0.33 0.84 0.16 0.5 0.33 1.51 0 0 0 0 1.68 0.33 2.02 1.68 3.87 0 0 0.33 0 0 0 0 0 0 0 0 0 0 0 0 0 0 0 0.16 0 0 0 0 0 0 0 0 0 0.218 0 1.118 0.054 0 4.928 63 621 1
0 0.3 0.75 0 0.3 0 0.15 0 0 0.45 0.15 0 0.15 0 0.15 0.15 0 0.75 0.15 0.15 0.6 0 0 0 0 0 0 0.15 0 0 0 0 0.15 0 0 0 0 0 0 0 0 0 0 0 0 0 0 0 0 0.02 0 0.352 0.02 0.041 5.938 149 1057 1
0 2.66 0 0 2 0 0 0.66 0 0 0 2 1.33 0 0.66 0 0 6.66 3.33 0 1.33 0 0 0 0 0 0 0 0 0 0 0 0 0 0 0 0 0 0 0 0 0 0 0 0 0 0 0 0 0 0 0.111 0 0 2.133 7 32 1
0 0.85 0.42 0 0 0 0 1.28 0 0 0 0.42 0 0 0 0 0 0.42 1.28 0 0 0 0 0 2.14 1.28 0 0.42 0 0.42 0.42 0 0 0 0.42 0.42 0 0 0 0 0 0 0 0 0 0 0 0 0 0.112 0 0.056 0 0 1.602 14 125 0
0 0.32 0.96 0 0 0 0 0 0 0.64 0 1.28 0 0 0 0 0 0 3.52 0 1.6 0 0 0 0.96 1.6 0 0 0 0.64 0 0 0 0 0 0 0.32 0 0 0 0 0 0 0 0 0 0 0 0 0.064 0 0.128 0 0 1.653 5 86 0
0 0 0 0 0 0 0 0 0 0 0 0 0 0 0 0 0 0 0 0 0 0 0 0 0 0 20 0 0 0 0 0 0 0 0 0 0 0 0 0 0 0 0 0 0 0 0 0 0 0 0 0 0 0 1 1 5 0
0.1 0 0.3 0 0.05 0.15 0 0.25 0.3 0.1 0.2 0.65 0 0 0 0.25 0.05 0 0.55 0 0.65 0 0.05 0 1.3 0.35 0 0.15 0 0.25 0.2 0 0 0 0.2 0.05 0.25 0 0 0.05 0 0 0 0.3 0.15 0 0.05 0 0.014 0.139 0 0.022 0.058 0 1.979 23 1081 0
0 0 0 0 0 0 0 0 0 0 0 0 0 0 0 0 0 0 0 0 0 0 0 0 0 0 25 0 0 0 0 0 0 0 0 0 0 0 0 0 0 0 0 0 0 0 0 0 0 0 0 0 0 0 1 1 4 0
0 0 0.74 0 0 0 0 0 0 0 0 2.22 0 0 0 0 0 0 1.48 0 0 0 0 0 0 0.74 0 0 0 0 0 0 0 0 0 0 0.74 0 0 0 0 0 0 0 0 0 0 2.22 0 0 0 0 0 0 2.425 23 114 0
0 0 0 0 0 0 0 0 0 0 0 0 0 0 0 0 0 3.57 0 0 0 0 0 0 7.14 3.57 0 3.57 0 3.57 3.57 0 0 0 3.57 3.57 0 0 0 0 0 0 0 0 0 0 0 0 0 0.239 0 0.239 0 0 1.687 10 27 0
0.1 0.2 1.01 0 0.8 0.8 0.5 0 0.8 0.1 0.3 0.7 0.3 0 1.61 0.1 0 1.11 1.31 0.2 0.7 0 0.6 0.1 0 0 0 0 0 0 0 0 0 0 0 0 0 0 0 0 0 0 0.2 0 0.1 0.1 0 0 0 0.11 0 0.49 0.158 0.015 8.55 669 1351 1
0 0 0 0 0 0 0 0 0 0 0 0 0 0 0 0 0 0 0 0 0 0 0 0 16.66 0 0 0 0 0 0 0 0 0 0 0 0 0 0 0 0 0 0 0 8.33 0 0 0 0 0 0 0 0 0 4.333 20 26 0
0.13 0 0.41 0 0 0 0 0.27 0 0 0.27 1.93 0.13 0 0 0 0 0.27 1.65 0 0.13 0 0 0 0 0 0 0 0 0 0 0 0.13 0 0 0 0 0 0 0 0 0 0 0 0.82 0 0 0.13 0 0.023 0.046 0.164 0 0 1.279 11 183 0
0.16 0 0 0 0.66 0 0 0 0 0 0 0.66 0 0 0 0 0 0 0.16 0 0 0 0 0 0 0 0 0 0 0 0 0 0 0 0 0 0.16 0 0 0 0.16 0 0.16 0.33 0 0 0 0 0.118 0.047 0.023 0 0 0 1.983 19 240 0
0.34 0 0 0 0 0 0 0 0.34 0.68 0 1.02 0 0 0 0 0 0 1.36 0 0.68 0 0 0 2.38 1.7 0.68 1.7 0.68 0.34 0.34 0.34 0 0.34 0.34 0.34 0.68 0 0.68 0.34 0 0 0.68 0 0.34 0 0 0 0.052 0.42 0.052 0 0 0.052 2.604 13 250 0
0 0 2.04 0 0 0 0 0 0 0 0 0 0 0 0 0 0 2.04 0 0 0 0 0 0 4.08 2.04 0 2.04 0 2.04 2.04 0 0 0 2.04 2.04 0 0 0 0 0 0 0 0 0 0 0 0 0 0.189 0 0 0 0 1.681 10 37 0
0 0 0 0 0 0 0 0 0 1.43 0 0 0 0 0 0 0 0 2.15 0 0.71 0 0 0 0 0 0 0 0 0 0 0 0 0 0 0 0 0 0 0 0 0 0 0 0.71 0.71 0 0 0 0 0 0 0 0 2.939 51 97 0
0 0 0 0 0 0 0 0 0 0 0 1.4 0 0 0 0 0.7 0 1.4 0 1.4 0 0 0 0 0 0.7 0 0 0 0.7 0 0 0 0 0 0 0 0 2.11 0 0 0 0 0 0 0 0 0 0.267 0.066 0 0 0 17.904 200 376 0
0 0 0.13 0 0.26 0 0 0.65 0.13 0 0 0.78 0.26 0 0 0 0.13 0 0 0 0 0 0.13 0 1.69 0 0 0 0 0 0 0 0 0 0 0 0.13 0 0 0 0 0 0 0 0 0 0 0.13 0 0.105 0 0 0.052 0 2.165 20 446 0
0 0.26 0 0 0.26 0 0 0 0 1.88 0 0 0 0 0 0 0 0 0.26 0 0.26 0 0 0 0 0 0 0 0 0 0 0 0 0 0 0 0 0 0 0 0 0 0 0 0 0 0 0 0.407 0.067 0 0.033 0 0 5.009 55 506 1
0 0 0 0 0 0 0 0 0 0 0 0 0.97 0 0 0 0 0 0 0 0 0 0 0 6.79 3.88 0.97 0.97 0.97 0.97 0.97 0.97 0 0.97 0.97 0.97 0.97 0 0 0.97 0 0 0.97 0 1.94 0 0 0 0 0.299 0.149 0 0 0 2.666 13 72 0
0 0 0 0 0.9 0 0 0 0 0 0 0 1.8 0 0 0.9 0 0 0.9 0 0 0 0 0 2.7 0.9 0.9 0.9 0.9 0.9 0.9 0.9 0 0.9 0.9 0.9 0 0 0 0.9 0 0 0 0 0 0 0 0 0 0.449 0 0 0 0 2.15 11 43 0
0 0 0 0 0 0 0 0 0 0 0 0 0 0 0 0 0 0 3.57 0 0 0 0 0 0 0 0 0 0 0 0 0 0 0 3.57 0 0 0 0 0 0 0 0 0 0 0 0 0 0 0 0 0.523 0 0 2.272 9 25 0
0 0 0 0 0 0 0 0 0 0 0 0 0 0 0 0 1.48 0 1.48 0 0.74 0 0 0 2.96 0 0 0.74 0 0 0 0 0 0 0 0 0 0 0 0 0 0 0 0 0 0 0 0 0 0.105 0 0 0.105 0.105 2.555 12 69 0
0 0 0 0 0 0 0 0 0 0 0 0 0 0 0 0 0 0 9.09 0 0 0 0 0 0 0 9.09 0 0 0 0 0 0 0 0 0 0 0 0 0 0 0 0 0 9.09 0 0 0 0 0 0 0 0 0 1 1 6 0
0 0 0 0 0 0 0 0 0 1.28 0 0 0 0 0 0 0 0 2.56 0 0 0 0 0 0 0 0 0 0 0 0 0 0 0 0 0 0 0 1.28 0 0 0 0 0 0 0 0 0 0 0 0 0.232 0 0 1.296 8 35 0
0 0 0.36 0 0.12 0.24 0 0 0 0.24 0 0 0.24 0 0 0 0 0 1.58 0 0.12 0 0 0 0 0 0 0 0 0 0 0 0 0 0 0 0 0 0 0 0 0 0.12 0 0.12 0.24 0 0 0 0.067 0.022 0 0 0 1.433 12 76 0
0 0 0 0 0 0 0 0 0 0 0 0 0 0 0 0 0 0 0 0 0 0 0 0 0 0 25 0 0 0 0 0 0 0 0 0 0 0 0 0 0 0 0 0 0 0 0 0 0 0 0 0 0 0 1.25 2 5 0
0 0 0 0 0 0 0 0 0 0 0 0 0 0 0 0 0 0 0 0 0 0 0 0 0 0 20 0 0 0 0 0 0 0 0 0 0 0 0 0 0 0 0 0 0 0 0 0 0 0 0 0 0 0 1 1 5 0
0 0 0 0 0 0 0 0 0 0 0 0 0 0 0 0 0 0 0 0 0 0 0 0 0 0 0 0 0 0 0 0 7.4 0 0 0 0 0 0 0 0 0 0 0 0 0 0 0 0 0 0 0 0 0 1.714 3 12 0
0.09 0 0.09 0 0.39 0.09 0.09 0 0.19 0.29 0.39 0.48 0 0.58 0 0.87 0.19 0 1.66 4.1 1.66 0 0.39 0.19 0 0 0 0 0 0 0 0 0 0 0 0 0 0 0 0 0 0 0 0 0 0 0 0 0 0.139 0 0.31 0.155 0 6.813 494 1458 1
0 0 1.31 0 0 0 0 0 0 0 0 2.63 0 0 0 0 0 0 5.26 0 1.31 0 0 0 1.31 0 0 0 0 1.31 0 0 0 0 0 0 0 0 0 0 0 1.31 0 0 0 0 0 0 0 0.242 0 0 0 0 1.266 3 19 0
0.9 0 0 0 0 0 0 0 0 0 0 2.7 0 0 0 0 0 0 3.6 0 0 0 0 0 0 0.9 0 0 0 0 0 0 0 0 0 0 0 0 0 0 0 0 0 0.9 0 0 0 0.9 0 0.479 0 0 0 0 2.166 8 52 0
0 0 0 0 0 0 0 0 0 0 0 0 0 0 0 0 0 0 14 0 0 0 0 0 0 0 0 0 0 0 0 0 0 0 0 0 0 0 0 0 0 0 0 0 0 0 0 0 0 0 0 0 0 0 1.571 5 11 0
0 0 0 0 0 0 0 0 0 0 0 0 0 0 0 0 0 0 0 0 0 0 0 0 0 0 0 0 0 0 0 0 0 0 0 0 0 0 0 0 0 0 0 0 0 0 0 0 0 0 0 0.391 0 0 1.333 4 20 0
0.33 0 0.67 0 0.22 0 0 0 0.44 0.11 0 0.33 0 0 0 0.56 0 0 1.79 0 1.12 0 0 0.22 0 0 0 0 0 0 0 0 0 0 0 0 0 0.11 0 0 0 0 0.11 0 0 0 0 0 0 0.157 0 0.373 0.196 0.078 2.576 75 389 1
0 0 0 0 0.43 0 0 0 0 0.65 0 0 0 0 0 0.43 0 0.21 0.21 0 0.43 6.75 0 0 0.21 0.21 0 0 0 0 0 0 0 0 0 0 0 0 0 0 0 0 0 0 0 0 0 0 0 0 0.073 0.146 0.146 0.183 6.233 99 642 1
0 0 0 0 0 0 0 0 0 0 0 3.57 0 0 0 0 0 1.78 1.78 0 0 0 0 0 1.78 0 0 1.78 0 0 0 0 1.78 0 1.78 0 1.78 0 0 0 0 0 0 0 0 0 0 0 0 0.319 0 0 0 0 2.391 10 55 0
0.22 0 0.22 0 0.67 0 0 0 0.22 0 0 0 0.22 1.34 0 0 0.44 0 0.67 0 1.56 0 0 0 0.44 0 0 0 0 0 0 0 0 0 0 0 0 0 0 0 0 2.23 0 0 0 0 0 0 0 0.156 0 0.134 0 0.156 3.08 121 693 0
0 0 0 0 0 0 0 0 0 0 0 0 0 0 0 0 0 0 0 0 0 0 0 0 0 0 0 0 0 0 0 0 0 0 0 0 0 0 0 0 0 0 0 0 0 0 0 0 0 0 0 0 0 0 1 1 4 0
0 0 0.34 0 0.34 0 0 0 0 0 0 0.34 0.34 0 0 0 0 0 0.34 0 0.34 0 0 0 0.34 0.69 0 0 0 0 0 0 0 0 0 0.34 1.04 0 0 0 0 0 0.34 0 0 0 0 0 0 0.149 0 0 0 0 2.35 14 188 0
0 0 0 0 0.35 0.35 0 0 0 0 0 0 0 0 0 0 0 0 1.79 0 0.71 0 0 0 0.35 0 0 0 0 0 0 0 0 0 0 0 0 0 0 0 0 0 0 0 0 0.35 0 0 0 0.064 0 0 0 0 1.27 8 61 0
0 6.34 0 0 0 0 0 0 0 0 0 0 0 0 0 0 0 0 1.58 0 0 0 0 0 1.58 1.58 1.58 1.58 1.58 1.58 1.58 3.17 0 3.17 1.58 1.58 0 0 0 1.58 0 0 0 0 0 0 0 0 0 0.431 0 0 0 0.215 3.461 12 90 0
0 0.41 0 0 0 0 0 0 0 0.41 0 0.41 0 0 0 0 0 0 0.41 0 0 8.29 0 0 0 0 0 0 0 0 0 0 0 0 0 0 0 0 0 0 0 0 0 0 0 0 0 0 4.096 0 0 0.07 0 0.776 7.531 43 354 0
0 0 0 0 0 0 0 0 0 0 0 0 0 0 0 0 0 1.83 5.5 0 0 0 0 0 0 0 0.91 0 0 0 0 0 0 0 0 0 0 0 0 0 0 0 0 0 0.91 0 0 0.91 0 0.175 0 0 0 0 1 1 18 0
0 0.53 0.53 0 0.8 0 0.26 0.26 0 0.26 0 0.53 0.53 0.53 0 0 0 0 2.15 0.26 0.8 0 0 0 0.26 0.26 0 0 0 0 0 0 0.53 0 0 0 0 0 0 0 0 0 0 0 0 0 0 0 0 0 0 0 0.04 0 2.779 21 164 1
0 0 1.06 0 0 0.35 0 0 0 0 0 2.13 0 0 0 0 0.71 0 0.71 0 0 0 0 0 4.62 0 0 0 0.35 1.06 0 0 0 0 0 0.35 0.35 0 0.35 0 0 0 0.35 0 0.71 0 0 0 0 0.055 0.055 0 0 0 2.239 17 206 0
0.61 0 0 0 1.22 0.61 0.61 0 0.61 0 0 1.22 0 0 0 1.22 0 0 5.52 0 0.61 0 0.61 0 0 0 0 0 0 0 0 0 0 0 0 0 0 0 0 0.61 0 0 0 0 0 0 0 0 0 0.184 0 0.829 0 0 4.45 34 89 1
0 0 0 0 1.43 0 0 0 0 0 0 0 0 0 0 0 0 0 1.43 0 0 0 0 0 0 0 0 0 0 0 0 0 0.71 0 0 0 0 0 0 0 0 2.15 0 0 0 0 0 0 0 0.138 0 0 0 0 1.863 5 41 0
0.78 0 0.78 0 1.56 0 0 0 0 0 0 0 0 0 0 0.78 0.78 0 1.56 0 2.34 0 0.78 0 0 0 0 0 0 0 0 0 0 0 0 0 0 0 0 0 0 0 0 0 0 0 0 0 0 0 0 0.792 0.339 0 2.627 22 113 1
0.13 0.4 0 0 0 0 0 0 0 0.53 0 0 0 0 0 0 0.13 0 0.8 0 0.53 0 0 0 0 0 0 0 0 0 0 0 0 0.13 0 0 1.2 0 0 0 0 0 0 0 0 0.53 0 0.13 0 0.25 0 0.014 0.427 0.044 5.473 143 1538 0
0 0.69 0.69 0 0.51 0 0.17 0.17 0 0 0 0.34 0.69 0.69 0.69 0 0 0 2.59 0.51 1.55 0 0 0.17 0 0 0 0 0 0 0 0 0.34 0 0 0 0 0 0 0 0 0 0 0 0 0 0 0 0 0 0 0.079 0.106 0.053 2 32 260 1
0 0.41 0.41 0 2.06 0 1.65 0.82 0 0 0 0 0 0 0 2.47 0 0.82 2.47 0 0.82 0 0 0 0 0 0 0 0 0 0 0 0 0 0 0 0 0 0 0 0 0 0 0 0.41 0 0 0 0 0.265 0 0.199 0 0 15.892 226 445 1
0.1 0 0.1 0 0.4 0.1 0.1 0 0.2 0.2 0.4 0.5 0 0.6 0 0.91 0.2 0 1.72 4.26 1.72 0 0.4 0.2 0 0 0 0 0 0 0 0 0 0 0 0 0 0 0 0 0 0 0 0 0 0 0 0 0 0.093 0 0.297 0.156 0 6.8 494 1428 1
0 0 0 0 0 0 0 0 0 0 0 0 0 0 0 1.19 1.19 0 1.19 0 0 0 1.19 0 0 0 0 0 0 0 0 0 0 0 0 0 0 0 0 0 0 0 0 0 0 0 0 0 0 0 0 1.181 0.787 0 3.875 31 93 1
0 0 0 0 0 0 0 0 0 0 0 0 0 0 0 0 0 0 0 0 0 0 0 0 0 0 0 0 0 0 0 0 0 0 0 0 0 0 0 0 0 0 0 0 0 0 0 0 0 0 0 0 0 0 1 1 3 0
0 0 0 0 0 0 0 0 0 0 0 0 0 0 0 0 0 0 0 0 0 0 0 0 0 0 0 0 0 0 0 0 0 0 0 0 3.33 0 0 0 0 0 0 0 0 0 0 0 0.305 0.611 0 1.529 0 0 5.5 22 66 1
0 0 0 0 0 0 0 0 0 0 0 1.92 0 0 0 0 0 0 0 0 0 0 0 0 0 0 0 0 0 0 0 0 0 0 0 0 0 0 0 0 0 0 0 0 0 0 0 0 0 0 0 0 0 0 1.655 8 48 0
0 0 0 0 0 0 0 0 0.14 0 0 0.43 0 0 0 0 0.14 0 0 0 0.14 0 0 0 0.14 0.57 0 0 0 0 0 0 0.14 0 0 0.43 0 0 0 0 0 0 0 0 0 0 0 0.14 0.058 0.156 0 0 0 0 1.566 13 462 0
0 0 0 0 2.32 0 0 0 0 0 0 0 0 0 0 0.77 0 0 0 0 0 0 0 0 1.55 0.77 0.77 0.77 0.77 0.77 0.77 0.77 0 0.77 0.77 0.77 0 0 0 0.77 0 0 0 0 0 0 0 0 0 0.376 0.125 0 0 0 2.4 11 48 0
0 5.47 0 0 0 0 0 0 0 0 0 1.36 0 0 0 0 0 0 1.36 0 2.73 0 0 0 0 0 2.73 0 0 0 0 0 0 0 0 0 1.36 0 0 0 0 0 1.36 0 1.36 0 0 0 0 0 0 0 0 0.232 2.035 13 57 0
0 0 0 0 0.31 0 0 0 0 0 0 0.31 0 0 0 0 0 0 0 0 0 0 0 0 0.31 0 0 0.63 0 0.63 0 0 0.63 0 0.31 0 0 0 0 0 0 0 0 0 0 0 0 0 0 0.045 0 0 0 0 1.813 11 107 0
0 0.89 1.15 0 0.12 0 0 0.12 0.25 0.12 0.12 0.38 0.12 0 1.15 0 0.12 2.04 2.81 0.12 1.27 0 0 0.12 0 0 0 0 0 0 0 0 0 0 0 0.12 0 0 0 0 0 0 0 0 0 0 0 0 0 0.164 0 0.371 0.061 0 2.89 84 477 1
0 0 0.78 0 0 0.78 0 0 0 0.78 0 0 0.78 0 0 0 0 0 1.56 0 0.78 0 0 0 0 0 0 0 0 0 0 0 0 0 0 0 0 0 0 0 0 0 0 0 0 0.78 0 0 0 0.12 0 0.12 0 0 2.862 47 83 0
0 0.38 0.38 0 0 0.38 0 0 0 0.38 0 0.77 0 0 0 0 0 0 3.5 0 1.16 0 0 0 0 0 0 0 0.38 0 0 0 0 0 0 0 0 0 0 0 0 0 0 0 0 0 0 0 0 0.131 0.065 0 0 0 1.843 11 118 0
0 0 0 0 0 0 0 0 0 0 0 0 0 0 0.29 0.29 0 0.29 1.79 0 0.59 0 0.29 0 0 0 0 0 0 0 0 0 0.29 0 0 0 0 0 0 0 0 0 0.89 0 0 0 0 0 0 0.248 0 0 0.049 0 2.47 30 168 1
0 0 0 0 0 0 0 0 0 0 0 0.84 0 0 0 0 0 0 2.52 0 1.68 0 0 0 0 0 0 0 0 0 0 0 0 0 0 0.84 0 0 0 0 0 0 0 0 0 0 0 0 0 0.139 0 0 0 0 1.304 6 30 1
0 0 0 0 0 0 0 0 0 0 0 0 0 2.06 0 0 0 0 0 0 0 0 0 0 0 0 0 0 0 0 0 0 0 0 0 1.03 0 0 0 0 0 0 0 0 1.03 0 0 0 0 0.17 0 0.51 0.34 0 3.761 23 79 1
0 0 0 0 0 0 0 0 0 0 0 0 0 0 0 3.03 0 3.03 3.03 0 3.03 0 0 0 0 0 0 0 0 0 0 0 0 0 0 0 0 0 0 0 0 0 0 0 0 0 0 0 0 0 0 0 0 0 5.153 55 67 0
0.03 0.03 0 0 0 0 0 0 0.06 0.09 0.03 0.15 0 0 0 0 0.03 0.12 0.03 0 0 0 0 0 0.46 0.27 0 0 0.03 0.06 0 0 0 0 0 0.03 0.15 0 0 0 0.36 0 0.03 0 0.12 1.19 0 0 0.024 0.178 0 0.128 0 0 3.427 49 1827 0
0.81 0 0.81 0 0.81 0 0 0 0 0 0 0.81 0 0 0 0 0 0 1.62 0 1.62 0 0 0 0.81 0 0 0 0 0 0 0 0 0 0.81 0 0 0 0 0 0 1.62 0 0 0 0 0 0 0 0.123 0 0.37 0 0 5.375 69 129 0
1.18 0.39 0.59 0 0 0.98 0.19 0.19 1.38 0.39 0 0.98 0 0.19 0 0.98 0 0 2.56 0.39 1.38 0 0 1.38 0 0 0 0 0 0 0 0 0 0 0 0 0 0 0 0 0 0 0 0 0 0 0 0 0 0.232 0 0.749 0.31 0.025 6.652 76 632 1
0 0 0 0 0 0 0 0 0 0 0 0 0 0 0 0 0 0 1.29 0 0 0 0 0 1.29 6.49 0 0 0 1.29 0 0 0 0 0 0 0 0 0 0 0 0 0 0 0 0 0 0 0 0.19 0 0.19 0 0 1.857 4 26 0
0 0 0 0 0 0 0 3.19 0 0 0 0 0 0 0 0 0 0 0 0 0 0 0 0 0 0 0 0 0 0 0 0 0 0 0 0 0 0 0 0 0 0 0 0 1.06 0 0 0 0 0.207 0 0.207 0.207 0 3.761 25 79 1
0 0 0 0 0 0 0 1.25 0 0.41 0 0 0 0 0 0.41 0 1.67 0.41 0 0.41 0 0 0 0 0 0 0 0 0 0 0 0 0 0 0.41 0 0 0 0 0 0 0 0 0 0 0 0 0 0.125 0 0.312 0.062 0 1.477 8 65 1
0 0 0 0 0.68 0 0 0 0 0.68 0 0.68 0 0 0.68 0 0 0.68 1.36 0 0.68 0 0 0 2.72 1.36 1.36 0.68 0.68 0.68 0.68 0.68 0 0.68 0.68 0.68 0.68 0 0.68 0.68 0 0 0.68 0.68 0.68 0 0 0 0.104 0.418 0.104 0 0 0 2.102 12 82 0
0 0 0.26 0 0 0 0 0 0 0 0.26 0 0 0 0 0 0 0.26 0 0 0 0 0 0 0.26 0 0 0 0 0 0 0 0 0 0 0 0.53 0 0 0 0 1.06 0 0.26 0 2.4 0 0 0.036 0.109 0 0 0.036 0 1.632 11 307 0
0 0 0 0 0 0 0 0 0 0 0 1.14 0 0 0 0 0 0 1.14 0 0 0 0 0 0 0 0 0 0 0 0 0 0 0 0 0 0 0 0 0 0 0 0 0 0 0 0 0 0 0 0 0 0 0 1.545 4 17 1
0 0 0 0 0 0 0 0 0 0 0 0 0 0 0 0 0 0 0 0 0 0 0 0 0 0 2 0 2 0 0 0 2 0 0 0 0 0 0 0 0 0 0 0 0 0 0 0 0 0.342 0 0 0 0.342 2.75 7 55 0
0 0 0 0 1.49 0 0 0 0 0 0 0 0 0 0 2.98 0 1.49 0 0 1.49 0 0 0 1.49 1.49 0 0 0 0 0 0 0 0 0 0 0 0 0 0 0 0 0 0 0 0 0 0 0 0 0 0 0 0 1.1 2 11 1
0 0 0 0 0 0 0 0 0 0 0 0.55 0 0 0 0 0 0 0 0 0.55 0 0 0 0.55 0 0 0 0.55 0 0 0 0 0 0 0 0.55 0 0 0 0 0.55 0 0 0 0 0 0 0 0.25 0 0 0 0 1.601 8 173 0
0.78 0 0.78 0 1.57 0 0 0 0 0 0 0 0 0 0 1.57 0.78 0 1.57 0 2.36 0 0.78 0 0 0 0 0 0 0 0 0 0 0 0 0 0 0 0 0 0 0 0 0 0 0 0 0 0 0 0 0.682 0.341 0 2.555 22 115 1
0.2 0 0.1 0 0 0 0 0.1 0 0 0 0.4 0.1 0 0 0 0.2 0 0 0 0 0 0.1 0 4.5 0.1 0 0 0 0 0 0 0.1 0 0 0.1 0.1 0.1 0 0 0 0.6 0 0 0 0 0 0 0.092 0.079 0 0 0.013 0 2.361 26 562 0
0 0 0.95 0 0.31 0 0 0 0 0 0 0.31 0 0 0 0 0 0 1.26 0 0 0 0 0 0.63 0.95 0 0 0 0 0 0 0 0 0 0.31 0.31 0 0.31 0 0 0 0.31 0 0 0 0 0 0.048 0.339 0 0.048 0 0 1.99 14 215 0
0 0 0.1 0 0 0 0 0.1 0 0 0.2 0.41 0.1 0 0 0.1 0.1 0 0.1 0 0 0 0.1 0 3.02 0 0 0 0 0 0 0 0 0 0 0.52 0.31 0 0 0.1 0 0 0 0 0 0 0 0.1 0.074 0.134 0 0 0.059 0 2.529 26 597 0
0 0 0 0 1.89 0.27 0 0 0 0 0 0.81 0 0 0 0.27 0 0 3.51 0 2.7 0 0 0.27 0 0 0 0 0 0 0 0 0 0 0 0 0 0 0 0 0 0 0 0 0 0 0 0 0 0.045 0 0 0.091 0 1.39 11 89 1
0.08 0.08 0.76 0 0.85 1.02 0.25 0.17 0.59 0.08 0.17 0.59 0.17 0 2.21 0.25 0.08 0.93 1.61 0.17 0.42 0 0.85 0.08 0 0 0 0 0 0 0 0 0 0 0 0 0 0 0 0.08 0 0 0.17 0.08 0.08 0.08 0 0 0 0.063 0 0.394 0.114 0.012 7.54 669 1410 1
0 0 0 0 0 0 0 0 0 0 0 0 0 0 0 0 0 0 0 0 0 0 0 0 0 0 0.72 0 0.72 0 0 0 0.72 0 0 0 0 0 0 0 0 0 0 0 0 0 0 0 0 1.047 0 0 0 0.13 3.475 7 139 0
0 0 0 0 0 0 1.23 0 0 0 0 0 0 0 0 1.23 0 0 0 0 0 0 0 0 0 0 0 0 0 0 0 0 0 0 0 0 0 0 0 0 0 0 0 0 0 0 0 0 0 0 0 1.949 0 0 1.379 8 40 1
0 0 0 0 0 0 0 0 0 0 0 0 0 0 0 0 0 0 3.17 0 0 0 0 0 0 0 0 0 0 0 0 0 0 0 0 0 0 0 0 0 0 0 0 0 0 1.58 0 0 0 0 0 0 0 0 4.368 51 83 0
0 0 0 0 0 0 0 0 0 0 0 0 0.86 0.86 0 0 0 0 0 0 0 0 0 0 3.44 2.58 1.72 0.86 0.86 0.86 0.86 0.86 0 0.86 0.86 0.86 1.72 0 1.72 0.86 0 0 1.72 0 1.72 0 0 0 0 0.27 0.135 0.135 0 0 2.288 13 103 0
1 0 0.33 0 0.66 0.66 0 0 0 0 0 0.33 0.66 0 0 0.66 0.66 0 2.33 0 0.33 0 1.66 0.33 0 0 0 0 0 0 0 0 0 0 0 0 0 0 0 0 0 0 0 0 0 0 0 0 0 0.06 0 0.12 0.541 0 5.428 21 304 1
0.5 0 0.5 0 1.51 0 0 0 0 0 0.5 1.01 0 0 0 0 0 0 4.04 0 3.03 0 0 0 0 0 0 0 0 0 0 0 0 0 0.5 0 0 0 0 0 0 0 0 0 1.01 0 0 0 0 0.089 0 0.089 0.178 0 3.416 53 164 1
0 0.42 0.42 0 0 0 0 0 0 0 0 0.84 0 0 0 0 0 0.84 2.95 0 2.53 0 0.84 0 0 0 0 0 0 0 0 0 0 0 0 0 0 0 0 0 0 0 0 0 0 0 0 0 0 0.075 0 0.6 0.3 0 4.02 82 197 1
0.31 0 0.63 1.91 0.21 0 0 0 0.42 0.1 0 0.31 0 0 0 0.53 0 0 1.7 0 1.06 0 0 0.21 0 0 0 0 0 0 0 0 0 0 0 0 0 0.1 0 0 0 0 0.1 0 0 0 0 0 0 0.169 0 0.358 0.188 0.075 2.847 75 447 1
0 0.27 0 0 0 0 0 0 0 0.27 0 0 0 0 0 0 0 0 1.94 0 0 8.33 0 0 0 0 0 0 0 0 0 0 0 0 0 0 0 0 0 0 0 0 0 0 0 0 0 0 3.23 0 0 0.048 0 0.482 5.802 43 412 0
0 0 0 0 0 0 0 0 0 0 0 0 0 0 0 0 0 0 0 0 0 0 0 0 6.06 3.03 3.03 3.03 3.03 3.03 3.03 3.03 0 3.03 3.03 3.03 0 0 0 3.03 0 0 0 0 0 0 0 0 0 0.9 0 0 0 0 2.75 11 33 0
0 0 0 0 0 0 0 0 0 0 0 0 0 0 0 0 0 0 2.77 0 0 0 0 0 0 0 0 0 0 0 0 0 0 0 0 0 0 0 0 0 0 0 0 0 0 2.77 0 0 0 0 0 0 0 0 1 1 10 0
0.1 0 0.7 0 0.2 0 0 0 0.2 0.3 0.1 1.3 1.1 0 0 0.3 0.2 0 2.61 0 1.2 0 0 0.4 0 0 0 0 0 0 0 0 0 0 0 0 0 0 0 0.5 0 0 0 0 0.3 0 0 0.2 0 0.141 0 0.352 0.056 0 9.601 148 1133 1
0 0.8 0 0 0.6 0 0 0.2 0 0.2 0 0 0 0 0 1.8 0 2.2 1.8 0 2.81 0 0 0 0 0 0 0 0 0 0 0 0 0 0 0 0 0 0 0 0.2 0 0 0 0.2 0.2 0 0 0 0 0 0.06 0 0 2.55 43 227 0
0 0 0 0 0 0.57 0 0 0 0 0 0 0 0 0 0 0 0 0.57 0 0 0 0 0 0 0 0 0 0 0 0 0 0 0 0.57 0 0 0 0 0 0 0.57 0 2.31 0 0 0 0 0.089 0.179 0 0.089 0 0 2.204 10 97 0
0 0 0 0 0.67 0 2.01 0 0 0 0 0 0 0 0 0 0 2.01 1.34 0.67 2.01 0 0 0 0 0 0 0 0 0 0 0 0 0 0 0 0 0 0 0 0 0 0 0 0 0 0 0 0 0 0 0.305 0 0 2.162 14 93 1
0 0 2.63 0 0 0 0 0 0 0 0 2.63 0 0 0 0 0 0 2.63 0 0 0 0 0 2.63 2.63 2.63 0 0 0 0 0 0 0 0 0 0 0 0 0 0 0 0 0 0 0 0 0 0 0 0 0 0 0 1 1 8 0
0.09 0 0.09 0 0.39 0.09 0.09 0 0.19 0.29 0.39 0.48 0 0.58 0 0.87 0.19 0 1.66 4.1 1.66 0 0.39 0.19 0 0 0 0 0 0 0 0 0 0 0 0 0 0 0 0 0 0 0 0 0 0 0 0 0 0.136 0 0.318 0.151 0 6.813 494 1458 1
0.23 0.23 0.47 0 0.7 0.23 0.23 1.41 0.23 0.47 0.23 0.47 0 0 0 0 1.41 0.47 0.94 1.89 3.3 0 0 0 0 0 0 0 0 0 0 0 0 0 0 0 0 0 0 0.47 0 0 0 0 0.23 0 0 0 0 0.075 0 1.289 0.151 0 6.529 276 666 1
0.33 0 0.67 0 0.22 0 0 0 0.44 0.11 0 0.33 0 0 0 0.56 0 0 1.79 0 1.12 0 0 0.22 0 0 0 0 0 0 0 0 0 0 0 0 0 0.11 0 0 0 0 0.11 0 0 0 0 0 0 0.157 0 0.392 0.176 0.078 2.606 75 391 1
0 0 1.13 0 0.37 0 0 0 0 0 0 0 0 0 0 0.37 0 0.37 1.13 0 0.37 0 0 0 0 0 0 0 0 0 0 0 0 0 0 0 0 0 0 0 0 0 0 0 0 0 0 0 0 0.145 0 0.436 0 0 1.792 55 147 0
0.93 0 0 0 0.93 0 1.86 0 0 0 0 2.8 0.93 0 0 0 0 0 8.41 0 1.86 0 0 0.93 0 0 0 0 0 0 0 0 0 0 0 0 0 0 0 0 0 0 0 0 0 0 0 0 0 0.164 0 2.306 0.164 0 8.312 29 133 1
0 0 1.61 0 0 0 0 0 1.61 0 0 0 0 0 0 0 0 0 4.83 0 0 0 0 0 0 0 0 0 0 3.22 0 0 0 0 0 0 0 0 0 0 0 0 0 0 0 0 0 0 0 0 0 0 0 0 1.769 8 23 0
0 0 0 0 0 0 0 0 0 0.79 0 0.79 0 0 0 0 0 0.79 1.58 0 2.38 0 0 0 0 0 0 0 0 0 0 0 0 0 0 0 0.79 0 0 0 0 0 0 0 1.58 0 0 0 0.135 0.405 0 0.27 0 0 1.608 13 37 0
0.43 0.28 0.43 0 0.04 0.11 0.04 0.21 0.4 0.69 0.23 0.88 0.52 1.14 0 0.23 0.4 0 2.93 0 1.36 0 0.97 0.31 0 0 0 0 0 0 0 0 0 0 0 0 0 0 0 0 0 0 0 0 0.02 0 0 0 0 0.064 0 0.311 0.734 0.145 5.328 144 3016 1
0 0.89 1.14 0 0.12 0 0 0.12 0.25 0.12 0.12 0.38 0.12 0 1.14 0 0.12 2.04 2.8 0.12 1.27 0 0 0.12 0 0 0 0 0 0 0 0 0 0 0 0.12 0 0 0 0 0 0 0 0 0 0 0 0 0 0.185 0 0.371 0.061 0 2.878 84 475 1
0 0 0 0 0 0 0 0 0 0 0 0 0 0 0 0 0 0 0 0 0 0 0 0 0 0 0 0 0 0 0 0 0 0 0 0 0 0 0 0 0 0 0 0 0 0 0 0 0 0.613 0 0 0 0 2 3 6 0
0 0 0 1.26 0 0 0.63 0 0 1.26 0 0 0 0 0 0.63 0 0 0.63 0 0 0 0 0 0 0 0 0 0 0 0 0 0 0 0 0 0 0 0 0 0 0 0 0 0 0 0 0 0.195 0 0 0.979 0 0.293 8.476 68 356 1
0 0 0 0 0.32 0.64 0 0 0 0.64 0 0.32 0 0 0 0 0 0 1.94 0 0 0 0 0 0 0 0 0 0 0.97 0 0 0 0 0 0 0 0 0 0 0 0 0 0 0 0 0 0 0 0.052 0 0.263 0.105 0 3.418 110 188 1
0.65 0.49 0.32 0 0.32 0.16 0 0.49 0.65 0.49 0.16 1.3 0 0 0.16 1.14 1.3 0.16 3.6 0.49 1.8 0 0 0.49 0 0 0 0 0 0 0 0 0 0 0 0 0 0 0 0 0 0 0 0 0 0.16 0 0 0 0.231 0 0.925 0.231 2.29 5.833 47 595 1
0.82 0 0 0 0.41 0 0.82 0 0 0 0 0.82 0 0 0 0 0.41 0 2.46 0 1.23 0 0.41 0 0 0 0 0 0 0 0 0 0 0 0 0 0 0 0 0 0 0 0 0 0 0 0 0.41 0 0.171 0 0.513 0.114 0 2.953 44 189 1
0 0 0.73 0 0 0 0 0.73 0 0 0 1.47 0 0 0 0 0 0 0 0 0 0 0 0 2.94 4.41 0 0 0 0 0 0 0 0 0 0 0 0 0 0 0 0 0 0 0 0 0.73 0 0 0.107 0 0 0 0 1.695 9 78 0
0 0 0 0 0 0 0 0 0 0 0 0 0 0 0 0 0 0 0.68 0 0.34 0 0 0 5.86 2.75 1.37 0.68 0.68 0.68 0.68 0.68 0 0.68 0.68 0.68 0.68 0 0.34 0.68 0 0 0.68 0 0.68 0 0 0 0.11 0.276 0.11 0.055 0.055 0 2.87 15 244 0
0 1.47 0 0 0 0 1.47 0 0 0 0 0 0 0 0 1.47 1.47 0 0 0 1.47 0 0 0 0 0 0 0 0 0 0 0 0 0 0 0 1.47 0 0 0 0 0 0 0 0 0 0 0 0 0.338 0 0.508 0.169 0.169 10.625 140 170 1
0 0 0.47 0 1.91 0 0 0 0 0 0 1.91 0 0 0 0.47 0 0 0 0 0 0 0 0 0 0 0 0 0 0 0 0 0 0 0 0 0 0 0 0 0 1.43 0 0 0.95 0 0 0 0 0 0 0 0 0 1.233 4 37 0
0 0 0 0 0 0 0 0 0 0 0 0 0 0 0 0 0 0 0 0 0 0 0 0 0 0 0 0 0 0 0 0 18.18 0 0 0 0 0 0 0 0 0 0 0 0 0 0 0 0 0 1.449 0 0 0 2 5 14 0
0.67 0 0.67 0 0 0 0 0 0 0.67 0 0 0 0 0 0 0 0 1.35 0 1.35 0 0 0 0 0 0 0 0 0 0 0 0 0 0 0 0 0 0 0 0 0 0 0 0 0 0 0 0 0 0 2.413 0 0 3.384 37 132 1
0 0 0 0 0 0 0 0 0 0 0 0.83 0 0 0 0 0 0 3.33 0 0.83 0 0 0 0 0 0 0 0 0 0 0 0 0 0 0 0 0 0 0 0 0.83 0 0 0 0.83 0 0 0 0.12 0 0 0 0 3.137 47 91 0
1.23 0 0 0 0 0.46 0 0.15 0 0.61 0 0.3 1.07 0 0 0 0 0 1.84 0 0.92 0 0.76 1.23 0 0 0 0 0 0 0 0 0 0 0 0 0 0 0 0 0 0 0 0 0 0 0 0 0 0.057 0 0.52 0.289 0.144 4.33 84 446 1
0.28 0.28 0.28 0 0.57 0.28 0.28 0 0 0 0 0.86 0.28 0 0 0 0.57 0.28 2.88 0 2.01 0 1.44 0 0 0 0 0 0 0 0 0 0 0 0 0 0 0 0 0 0 0 0 0 0 0 0 0 0 0.131 0 0.218 0.218 0 3.694 40 218 1
0 14.28 0 0 0 0 0 0 0 0 0 0 0 0 0 0 0 0 0 0 0 0 0 0 0 0 0 0 0 0 0 0 0 0 0 0 0 0 0 0 0 0 0 0 0 0 0 0 0 0 0 0 0 0 1.8 5 9 0
0 1.32 0 0 0 0.44 0 0 1.32 0 0 2.65 0 0.44 0 0.44 0 0.44 3.53 0 1.76 0 0 1.32 0 0 0 0 0 0 0 0 0 0 0 0 0 0 0 0 0 0 0 0 0 0 0 0 0 0.066 0 0.663 0.132 0.066 8.666 123 442 1
0 0 0.86 0 0 0 0 0 0 0 0.86 0.86 0 0 0 0 0 0.86 6.95 0 4.34 0 0 0 0 0 0.86 0 0 0 0 0 0 0 0 0 0 0 0 0 0 0 0 0 0 0 0 0 0 0 0 0 0 0 1.047 2 22 0
0 0 0 0 0.68 0 0 0 0 0 0 0.34 0 0 0 0 0 0 0.34 0 2.04 0 0 0 0 0 0 0 0 0 0 0 0 0 0 0 0 0 0 0 0 0 0.34 0 0 0 0 0 0 0.051 0 0 0 0 1.062 4 137 0
0 0 0.52 0 0.52 0 0 0 0 2.11 0 0 0 0 0 0 0 0 0.52 0 0.52 0 0 0 1.58 1.05 1.05 0.52 0.52 0.52 0.52 0.52 0 0.52 0.52 0.52 0.52 0 0.52 0.52 0 0 0.52 0 0.52 0 0 0 0.171 0.513 0.085 0 0 0 2.225 13 158 0
0.17 0.22 0.62 0 0.11 0.22 0.05 0.11 0 0.39 0.11 1.02 0.45 0.05 0.05 0 0 0.39 3.46 0 1.76 0 0.56 0.34 0 0 0 0 0 0 0 0 0 0 0 0 0 0 0 0 0 0 0 0 0 0 0 0 0.01 0.2 0 0.441 0.421 0.04 4.945 116 1449 1
0.58 0 0 0 0 0 0 0 0 0 0 0.58 0 0 0 0 0 0 0.58 0 0 0 0 0 1.76 1.17 1.76 0.58 0.58 0.58 0.58 0.58 1.76 0.58 0.58 0.58 0.58 0 0.58 0.58 0 0 0.58 0 0.58 0 0 0 0 0.414 0 0.103 0 0 2 12 94 0
0.08 0.08 0.76 0 0.85 1.02 0.25 0.17 0.59 0.08 0.17 0.59 0.17 0 2.21 0.25 0.08 0.93 1.62 0.17 0.42 0 0.85 0.08 0 0 0 0 0 0 0 0 0 0 0 0 0 0 0 0.08 0 0 0.17 0.08 0.08 0.08 0 0 0 0.065 0 0.486 0.118 0.013 7.561 669 1414 1
0.1 0.3 0.4 0 0.2 0.9 0.2 0.5 0.8 0.8 0.2 0.8 0 0 1.6 0 0.2 1.7 2.2 0.2 1 0 0.1 0.2 0 0 0 0 0 0 0 0 0 0 0 0 0 0 0 0 0 0 0.2 0 0 0 0 0 0 0.174 0 0.334 0.174 0.014 6.896 669 1200 1
0 0 1.83 0.91 0 0 0.45 0 0 0.91 0 0 0 0 0 2.75 0 0 1.83 0 0.91 0 0 0 0 0 0 0 0 0 0 0 0 0 0 0 0 0 0 0 0 0 0 0 0 0 0 0 0.134 0 0 2.077 0 0.134 12.176 338 621 1
0 0 0 0 0 0 0 0 0 0.4 0 0.4 0 0 0 0 0 0 0 0 1.22 0 0 0 0.4 0.4 0 0.81 0 0 0 0 0.81 0 0 0.4 0 0 0 0 0 0 0 0.81 0 0 0 0 0 0.199 0 0 0 0 2.386 11 105 0
0 0 1.5 0 0.75 0 0 0 0 0 0 0.75 1.5 0 0 0.75 0 0 1.5 0 0.75 0 0 0 0 0 0 0 0 0 0 0 0 0 0 0 0 0 0 0 0 0 0 0 0.75 0 0 0 0 0.147 0 0.441 0 0 2 6 54 0
0 0 0 0 0 0 0 0 0 0 0 0 0 0 0 0 0 0 0 0 0 0 0 0 0 0 4 0 0 0 0 0 0 0 0 0 0 0 0 0 0 0 0 0 0 0 0 0 0 0 0 0 0 0 1.222 2 11 0
0 0 0 0 0 0 0 0 0 0 0 1.02 0 0 0 0 0 1.02 2.04 0 0 0 0 0 2.04 1.02 0 0 0 0 0 0 0 0 0 0 0 0 1.02 0 0 0 0 0 0 0 0 0 0 0.188 0 0 0 0 3.9 13 78 0
0 0.32 0 0 0 0 0 0 0 0 0 0.65 0 0 0 0 0 0 0 0 0 0 0 0 0 0 0 0 0 0 0 0 0 0 0 0.97 0 0 0.65 0 0 0 0 0 0 0 0 0 0 0.075 0 0 0 0 2.269 33 118 1
0 0 0 0 0.09 0 0 0 0 0.09 0 0 0 0 0 0 0 0 0 0 0 0 0 0 0 0 0 0 0 0 0 0 0 0 0 0 0 0 0 0 0 0 0 0 0 0 0 0 0 0.032 0 0.016 0 0 24.375 135 3315 1
0 0 0 0 0.96 0 0 0 0 0.48 0 0.48 0 0 0 0 0.48 0 1.93 0 0 0 0 0 0.96 0.96 0 0 0 0 0 0 0 0 0 0 0 0 0 0 0 0 0 0 0 0 0 0 0.223 0 0 0 0 0 1.375 5 55 0
0 0 0 0 1.48 0.74 1.48 0 0 0.74 0.74 0.74 0.74 0 0 0.74 0.74 0 2.22 0 3.7 0 0 0 0 0 0 0 0 0 0 0 0 0 0 0 0 0 0 0 0 0 0 0 0 0 0 0 0 0 0 0.108 0 0 2.346 12 61 1
0 0 0.4 0 0 0 0 0 0 0.8 0 0 0 0 0 0 0 0 0.4 0 0.4 0 0 0 1.2 0.8 0 0 0 0.4 0 0 0 0 0 0 0 0 0 0 0 0 0 0 0 0 0 0 0 0.099 0 0.049 0 0 2.288 9 135 0
1.01 0.33 0.5 13.63 0 0.67 0 0.16 1.34 0.33 0 0.67 0 0.16 0 0.5 0 0.16 2.02 0.33 0.84 0 0 1.17 0 0 0 0 0 0 0 0 0 0 0 0 0 0 0 0 0 0 0 0 0 0 0 0 0 0.204 0 0.613 0.229 0.051 9.652 151 888 1
0 0 0 0 0 0 0 0 0 0 0 0 0 0 0 0 0 0 2.32 0 0 0 0 0 0 0 0 0 0 0 0 0 0 0 2.32 0 0 0 0 0 0 2.32 0 0 0 0 0 0 0 0 0 0.344 0 0 3.25 17 52 0
0 0.34 0.69 0 0.34 0 0.17 0 0 0.51 0.17 0 0.17 0 0.17 0.17 0 0.86 0.17 0.17 0.86 0 0 0 0 0 0 0 0 0 0 0 0 0 0 0 0 0 0 0.17 0 0 0 0 0 0 0 0 0 0 0 0.665 0.083 0.083 6.294 132 963 1
0 0 1.13 0 1.13 0.56 0.56 0 0 0.56 0 1.13 0 0 0 3.97 0 0 2.84 0 0.56 0 0.56 0 0 0 0 0 0 0 0 0 0 0 0 0 0 0 0 0 0 0 0 0 0 0 0 0 0 0.288 0 0.768 0 0 11.685 296 409 1
0 1.07 0 0 1.79 0.35 0 0 0 0.35 0 0 0.35 0 0 0 0 0 0.71 0 1.07 0 0 0 0.35 0.35 0.71 0 0 0 0 0.35 0 0.35 0 0 0.71 0 0.71 0 0 0 0.71 0 0.35 0 0 0 0 0.244 0.061 0.244 0 0 1.974 22 152 0
0 0 0.34 0 0.34 0 0 0 0.34 0 0 0.34 0 0 0 0 0 0 0 0 0 0 0 0 0 0 0 0 0 0 0 0 0 0 0 0 0 0 0 0 0 0 0 2.78 0 0 0 0 0 0 0 0 0 0 1.583 6 95 0
0 0 0 0 0 0 0 0 0 0 0 1.41 0 0 0 0 0.7 0 1.41 0 1.41 0 0 0 0 0 0.7 0 0 0 0.7 0 0 0 0 0 0 0 0 2.12 0 0 0 0 0 0 0 0 0 0.267 0.066 0 0 0 17.857 199 375 0
0 0 0 0 0 0 0 0 0 0 0 0 0 0 0 0.41 0 0.41 1.23 0 0.41 0 0 0 0 0 0 0 0 0 0 0 0 0 0 0 0 0 0 0 0 0 0 0 0.82 0 0 0 0 0.229 0 0.114 0 0.057 5.196 70 265 0
0 0.25 0.75 0 1 0.25 0 0 0 0 0.25 0.25 1.25 0 0 0.25 0 1.25 2.51 0 1.75 0 0.25 0 0 0 0.25 0 0 0 0 0 0 0 0 0 0 0 0 0 0 0 0 0 0 0 0 0 0 0 0 0.042 0 0 1.204 7 118 0
0.44 0 0.88 0 0.44 1.32 0 0 0 0 0 0 0 0 0 0 0 0.44 1.76 0 2.2 0 2.2 0 0 0 0 0 0 0 0 0 0 0 0 0 0 0 0 0 0 0 0 0 0 0 0 0 0.222 0 0 0.444 0.37 0 2.413 16 140 1
1.61 0 0 0 3.22 0 0 0 0 0 0 0 0 0 0 0.8 0 0 3.22 0 1.61 0 0 0 0 0 0 0 0 0 0 0 0 0 0 0 0.8 0 0 0 0 0 0 0 0 0 0 0 0 0 0 0.511 0 0 2.909 20 64 1
0 0 0.16 0 0.16 0 0.16 0 0.65 0.16 0.16 0 0 0 0 1.64 0 0.65 0.82 0 0 0 0 0 0 0 0 0 0 0 0 0 0 0 0 0 0 0 0 0.16 0 0 0 0 0 0 0 0 0 0.066 0 0.906 0.663 0 5.289 52 1116 1
0.28 0 0.28 0 0 0.28 0.28 0.28 0.28 1.15 0 0.86 0.86 0 0 0 0 0 2.89 0 1.44 0.86 0 0.28 0 0 0 0 0 0 0 0 0 0 0 0 0 0 0 0 0 0 0 0.28 0 0 0 0 0 0 0 0.554 0.221 0.166 5.328 140 341 1
0.1 0.2 1.01 0 0.8 0.8 0.5 0 0.8 0.1 0.3 0.7 0.3 0 1.61 0.1 0 1.11 1.31 0.2 0.7 0 0.6 0.1 0 0 0 0 0 0 0 0 0 0 0 0 0 0 0 0 0 0 0.2 0 0.1 0.1 0 0 0 0.11 0 0.49 0.158 0.015 8.55 669 1351 1
0 0.45 0 0 0.45 0.45 0.45 0.45 0 1.8 0 0.45 0 0 0 0 0 0 1.8 0 0.45 0 0 0 0 0 0 0 0 0 0 0 0.45 0 0 0 0 0 0 0 0 0 0 0 0 0 0 0 0 0.281 0 0.21 0 0 2.368 14 135 1
0 0 0 0 0 0 0 0 0 0 0 0 0 0 0 0 0 0 0 0 0 0 0 0 0 0 0 0 0 0 0 0 0 0 0 0 2.56 0 0 0 0 0 0 0 0 7.69 0 0 0 0.395 0 0 0 0 3 18 39 0
0 0 0.48 0 0.72 0.48 0 0 0.24 0 0.48 0.24 0 0 0 0.48 0 0 1.2 0 1.44 0 0.48 0.24 0 0 0 0 0 0.24 0 0 0 0 0 0 0 0 0 0.24 0 0 0.24 0 0 0 0 0.24 0 0.036 0 0.036 0.184 0 2.336 66 264 1
0 0 1.58 0 0 0 0 0 0 0 0 0.79 0 0 0 0 0 0 1.58 0 0 0 0 0 0.79 0.79 0 0 0 0 0 0 0 0 0 0 0 0 0 0 0 0 0 0 0 0 0 0 0 0.149 0 0.149 0 0 1.482 10 43 0
0.71 0 0.35 0 0.17 0.17 0.35 0 0 0.35 0.17 0.53 0 0 0 0.35 0.71 0.35 3.76 0 1.97 0 0 0.53 0 0 0 0 0 0 0 0 0 0 0 0 0 0 0 0 0 0 0 0 0 0 0 0 0 0.029 0 0.234 0.029 0 3.519 97 359 1
0.52 0 2.38 0 0.26 0 0.26 0 0.52 0 0.26 0 0 0 0 0.79 0 0 1.32 0 1.05 0 0 0.52 0 0 0 0 0 0 0 0 0.26 0 0 0.26 0.26 0 0.52 0 0 0 0 0 0 0 0 0 0 0.656 0 0.31 0 0 5.549 71 566 1
0 0 0 0 0 0 0 0 0 0 0 1.66 0 0 0 0 0 0 3.33 0 1.66 0 0 1.66 1.66 0 1.66 0 0 0 0 0 0 0 0 0 1.66 0 0 0 0 0 0 0 0 0 0 0 0 0.29 0 0 0 0.29 1.722 7 31 0
0 0 0 0 2.17 0 0 0 0 0 0 2.17 0 0 0 2.17 0 2.17 6.52 0 2.17 0 0 0 0 0 0 0 0 0 0 0 0 0 0 0 0 0 0 0 0 0 0 0 0 0 0 0 0 0 0 0 0 0 1.333 5 16 1
0.32 0 0.32 0 0.98 0.32 0.65 0 0 0.32 0 0.98 0.32 0 0 0 0.65 0 2.61 0 2.28 0 0.65 0 0 0 0 0 0 0 0 0 0 0 0 0 0 0 0 0 0 0 0 0 0 0 0 0 0 0 0 0.288 0.173 0 3.065 28 141 1
0.11 0 0.23 0 0.23 0.11 0 0 1.15 0 0 0.34 0 0 0 0.11 0 0 0.46 0 0.23 0 0 0 0.57 0.69 0.11 0 0 0 0 0 0.34 0 0 0.34 0.23 0 0 0 0 0 0 0 0 0 0 0 0.048 0.194 0.032 0 0.032 0 3.275 33 511 0
0 0 0 0 0 0 0 0 0 0 0 0.54 0 0.54 0 0 0 0 0 0 0.54 0 0 0 2.71 1.63 0.54 0.54 0.54 0.54 0.54 0.54 0 0.54 0.54 0.54 0 0 0 0.54 0 0 0 0.54 0.54 0 0 0 0 0.531 0 0 0 0 4.114 35 251 0
0 0 0 0 0 0.24 0 0 0 0 0 0.72 0 0 0 0 0 0 0.24 0 0 0 0 0 2.65 1.2 0 0 0 0 0 0 0.24 0 0 0 0.96 0 0 0 0 0 0 0 0 0.48 0 0.24 0.067 0.371 0.067 0 0 0 3.322 44 319 0
0 0 0 0 0 0 0 0 0 0 0 0 0 0 0 0 0 0 0 0 0 0 0 0 10 0 0 0 0 0 0 0 0 0 0 0 0 0 0 0 0 0 0 0 0 0 0 0 0 0 0 0 0 0 1 1 1 0
0 0 0.46 0 1.39 0 0.93 0.93 0 0 0.46 0.93 0 0 0 1.39 0 0.46 0.93 0 0.46 0 0 0 0 0 0 0 0 0 0 0 0 0 0 0 0 0.46 0 0 0 0 0 0 0 0 0 0 0.069 0 0 0 0 0.069 1.442 8 75 1
0 0 0 0 0 0 0 0 0 0 0 0 0 0 0 0 0 0 0 0 0 0 0 0 12.5 0 0 0 0 0 0 0 0 0 0 0 0 0 0 0 0 0 0 0 0 0 0 0 0 0 0 0 0 0 5.857 18 41 0
0 0 0 0 0 0 0 0 0 0 0 0 0 0 0 0 0 0 0 0 0 0 0 0 0 0 0 0 0 0 0 0 0 0 0 0 0 0 0 0 0 0 0 0 0 10 0 0 0 0 0 3.26 0 0 1 1 5 0
0 2.59 1.29 0 1.29 0 0 0 0 0 0 1.29 0 0 0 0 0 0 2.59 0 0 0 0 0 0 0 1.29 0 0 0 0 0 0 0 0 0 0 0 0 0 0 0 0 0 1.29 0 0 0 0 0 0 0 0 0 1 1 13 0
0 0 0 0 0.56 0 0 0 0 0 0 2.27 0 0 0 0 0 0 1.98 0 0.28 0 0 0 0.85 0.85 0.85 0 0 0.28 0 0 0 0 0 0 0 0 0 0 0 0 0.28 0 0.28 0 0 0 0 0.09 0.135 0 0 0 1.962 15 155 0
0 1.25 0.62 0 0 0 1.25 0 0 0 0.62 0.62 0 0 0.62 2.5 0 1.25 5 0 1.25 0 0 0 0 0 0 0 0 0 0 0 0 0 0 0 0 0 0 0 0 0 0 0 0 0 0 0 0 0.045 0 0.225 0 0 2.35 29 134 1
0 0 0 0 0 0 0 0 0 0 0 0 0 0 0 0 0 0 0 0 0 0 0 0 4.65 2.32 2.32 2.32 2.32 2.32 2.32 2.32 0 2.32 2.32 2.32 0 0 0 2.32 0 0 0 0 0 2.32 0 0 0 0.692 0 0 0 0 3.312 11 53 0
0 0 0 0 0 0 0 0 0 0 0 0 0 0 0 0 0 0 7.14 0 0 0 0 0 0 0 0 0 0 0 0 0 0 0 0 0 0 0 0 0 0 0 0 0 0 0 0 0 0 0 0 4.347 0 0 3 7 9 1
0 0 0 0 0 0 0 0 0 0 0 0 0 0 0 0 0 0 4.34 0 0 0 0 0 0 0 0 0 0 0 0 0 0 0 0 0 0 0 0 0 0 0 0 0 0 0 0 0 0 0 0 5.844 0 0 1.666 5 15 1
0 0 4 0 0 0 0 0 0 0 0 0 0 0 0 0 0 0 4 0 0 0 0 0 0 0 4 0 0 0 0 0 0 0 0 0 0 0 0 0 0 0 0 0 0 0 0 0 0 0 0 0.613 0 0 1 1 14 0
0 0 0 0 0 0.27 0 0 0 0.27 0 0.27 0 0 0 0.27 0 0 2.18 0 2.73 0 0 0 0.27 0 0 0 0 0 0.27 0 0 0 0 0 0 0 0 0 0 0 0 0 0 0 0 0 0 0 0 0 0 0 2.593 18 166 0
0.56 0 0.84 0 0.28 0.84 0 0.84 0.28 0.28 0.28 1.41 0 0 0 0 1.41 0 0.84 1.98 2.83 0 0.28 0.84 0 0 0 0 0 0 0 0 0 0 0 0 0 0 0 0 0 0 0 0 0 0 0 0 0 0.128 0 1.289 0.042 0 3.979 47 386 1
0 0 0.36 0 0.72 0 0 0 0 0 0 0.36 0.18 0 0 0.36 0 0 1.44 0 0.36 0 0 0 0.36 0.9 0 0 0 0 0 0 0 0 0 0 0.36 0 0 0 0 0 0.18 0 0.18 0 0 0 0.026 0 0 0.107 0 0 2.988 51 263 0
0 0 0.5 0 0 0 0 0 0 0 0 0 0 0 0 0.5 0 0 2.02 0 0 0 0 0 0 0 0 0 0 0 0 0 0 0 0 0 1.01 0 0 0 1.01 0 1.01 0 0 1.01 0 0 0.271 0.09 0.181 0.181 0 0 2 12 122 0
0.96 0 0 0 0.32 0 0 0 0 0 0 0.32 0 0 0 0 0 0 1.93 0 0.32 0 0 0 0 0 0 0 0 0 0 0 0 0 0 0 0 0 0 0 0 0 0 0.32 0 0.32 0 0 0 0.057 0 0 0 0 1.147 5 78 0
0 0 0 0 0 0 0 0 0 0 0 1.07 0 0 0 0 0 1.07 2.15 0 0 0 0 0 2.15 3.22 0 2.15 0 0 0 0 0 0 2.15 0 0 0 0 0 0 2.15 0 0 0 0 0 0 0 0 0 0 0 0 1.718 11 55 0
0.66 0 0.26 0 0.26 0 0.13 0 0.66 0.26 0 0 0.79 0.13 0 0 0 0 3.98 0 0.53 0 0 1.46 0 0 0 0 0 0 0 0 0 0 0 0 0 0 0 0 0 0 0 0 0.13 0 0 0 0 0.109 0 0.414 0.021 0 5.955 65 667 1
0 0 1.29 0 0 0 0 0 0 0 0 1.29 0 0 0 0 0 0 1.29 0 5.19 0 0 1.29 0 0 0 0 0 0 0 0 0 0 0 0 0 0 0 0 0 0 0 0 0 0 0 0 0 0 0 0 0.208 0 4.23 25 55 1
0 0 0 0 0 0 0 0 0 0 0 0 0 0.88 0 0 0.88 0.88 2.65 0 1.76 0 0 0 0.88 0 0 0 0 0 0 0 0 0 0 0 0 0 0 0 0 0 0 0 0 0 0 0 0 0 0 0 0 0 1.37 3 37 0
0 0.39 1.18 0 0.39 0 0 0 0 0.78 0.78 0.78 0 0 0.39 3.54 0 0 1.18 0 1.18 0 0 0 0 0 0 0 0 0 0 0 0 0 0 0 0 0 0 0 0 0 0 0 0.39 0 0 0 0 0.064 0 0.843 0.129 0.064 5.87 42 364 1
0 0 0 0 0 0 0 0 0 1.2 0 2.4 0 0 0 0 0 0 4.81 0 1.2 0 0 0 0 0 1.2 0 0 0 0 0 0 0 0 0 0 0 0 0 0 0 1.2 0 0 0 0 0 0 0.227 0 0 0 0 1.062 2 17 0
0 0 0 0 0 0 0.86 0 0 0 0 0 0 0 0 0.86 0 1.73 3.47 0 1.73 0 0 0 0 0 0 0 0 0 0 0 0 0 0 0 0 0 0 0 0 0 0 0 0 0 0 0 0 0.152 0 0.457 0 0 2.75 10 55 1
0.46 0 0.46 0 0 0 0 0.46 0 0 0 1.38 0 0 2.31 0 0.46 0.46 2.77 0 2.31 0 1.38 0 0 0 0 0 0 0 0 0 0 0 0 0 0 0 0 0.46 0 0 0 0 0 0 0 0 0 0.49 0 0.081 0.816 0 3.4 12 102 1
0 0 0 0 0 0 0 0 0 0 0 0 0 0 0 0 0 0 4.76 0 0 0 0 0 0 0 0 0 0 0 0 0 0 0 0 0 0 0 0 0 0 0 0 0 4.76 0 0 0 0 0 0 0 0 0 1.571 3 11 0
0 1.36 0 0 0.45 0 0 0 0 0 0 0 0 0 0 0 0 0 1.36 0 0 0 0 0 4.54 0 0 0 0 0 0 0 0 0 0.45 0 0.9 0 0.45 0 0 1.81 0.45 0 0 1.36 0 0 0.069 0.069 0 0 0 0 2.186 15 164 0
0 0 0 0 1.04 1.04 0 0 0 0 0 0 0 0 0 6.25 0 0 4.16 0 0 0 0 0 0 0 0 0 0 0 0 0 0 0 0 0 0 0 0 0 0 0 0 0 0 0 0 0 0 0 0 5.555 0 0 3.275 14 95 1
2 0 0 0 0 0 0 0 0 0 2 2 0 0 0 0 0 0 2 0 8 0 0 0 0 0 0 0 0 0 0 0 0 0 0 0 0 0 0 0 0 0 0 0 0 0 0 0 0 0 0 0 0 0 5.888 29 53 0
0 0 0 0 0 0 0 0 0 0 0 0 0 0 0 0 0 0 0 0 0 0 0 0 5.55 2.77 2.77 2.77 0 2.77 0 0 0 0 0 0 0 0 0 0 0 0 0 0 0 0 0 0 0 0 0 0 0 0 1.857 11 26 0
0 0 0 0 0 0 0 0 0 0 0 0 0 0 0 0 0 0 1.92 0 0 0 0 0 0 0 0 0 0 0 0 0 0 0 0 0 0 0 0 0 0 0 0 0 0 0 0 0 0 0 0 0 0 0.38 2.307 9 30 0
0 0 0 0 0 0 0 0 0 0 0 0 0 0 0 0 0 0 0 0 0 0 0 0 0 0 25 0 0 0 0 0 0 0 0 0 0 0 0 0 0 0 0 0 0 0 0 0 0 0 0 0 0 0 1 1 4 0
0 0 0 0 0.8 0 0 0 0 0 0 0 0 0 0 0 0 0 0 0 1.61 0 0 0 0 0 0 0 0 0 0 0 1.61 0 0 0 0 0.8 0 0 0 0.8 0 0 0 0 0 0 0 0 0 0 0 0 1.35 3 54 0
0 0 0 0 1.85 0 0 0 0 0 0 1.85 1.85 0 0 0 0 0 1.85 0 0 0 0 0 0 0 0 0 0 0 0 0 0 0 0 0 0 0 1.85 0 0 0 0 0 0 0 0 0 0 0 0 0 0 0 1.714 4 12 0
0 0 0 0 0 0 0 0 0 0 0 0 0 0 0 0 0 0 0 0 0 0 0 0 0 0 20 0 0 0 0 0 0 0 0 0 0 0 0 0 0 0 0 0 0 0 0 0 0 0 0 0 0 0 1 1 5 0
0 0 0 0 0 0 0 0 0 0 0 0 0 0 0 0 0 0 0 0 0 0 0 0 5.4 0 0 0 0 0 0 0 0 0 0 0 0 0 0 0 0 0 0 0 0 0 0 0 0 0 0 0.396 0 0.396 2.533 10 38 0
0 0 0 0 0 0 0 1.57 0 1.57 0 1.57 0 0 0 0 0 0 1.57 0 1.57 0 0 0 3.14 2.36 0.78 0.78 0.78 0.78 0.78 0.78 0 0.78 0.78 0.78 0 0 0.78 0.78 0 0 0 0 0.78 0 0 0 0 0.372 0 0 0 0 3.971 34 139 0
0 0.35 0.7 0 0.35 0 0 0 0 0 0 0.7 0 0 0 1.05 0 0.7 2.11 0 1.4 0 0 0 0 0 0 0 0 0 0 0 0 0 0 0 0 0 0 0 0 0 0 0 0.35 0 0 0 0 0.122 0 1.284 0 0 3.639 61 313 1
0.36 0.36 0 0 1.8 0 0 0 0 0 0 1.44 0 0 0 0 0.72 0 0.36 0 1.08 0 0 0 1.8 0 0 0 0.72 0.36 0 0 0 0 0 0 0.36 0 0 0 0 0 0 0 0 0 0 0 0 0 0 0 0 0 1.636 12 54 0
0 0 0 0 0 0 0 0 0 0 0 0 0 0 0 0 0 0 0 0 0 0 0 0 0 0 0 0 0 0 0 0 0 0 0 0 0 0 0 0 0 0 0 0 0 0 0 0 0 0 0 0 0 0 1 1 5 0
0 0 0 0 0 0 0 2.04 0 0 1.02 0 0 0 0 0 0 0 4.08 0 1.02 0 1.02 0 0 0 0 0 0 0 0 0 0 0 0 0 0 0 0 0 0 0 0 0 0 0 0 0 0 0 0 0.969 0 0 2.179 18 85 1
0.83 0 0.41 0 0 0 0 0 0 0 0.41 0.83 0 0 0 0 0 0 2.91 0 1.66 0 0 0 0.41 0.41 0 0 0 0 0 0 0 0 0 0 0.41 0 0 0 0 0 0.41 0 0 0 0 0 0 0 0 0.283 0 0 2.022 13 91 0
0.09 0 0 0 0 0.09 0 0.28 0 0 0 0.76 0.09 0 0 0 0.38 0 0 0 0 0 0 0 2.66 0 0 0 0 0 0 0 0.38 0 0 0 0.09 0 0 0.47 0 0.09 0 0 0 0 0 0 0.026 0.093 0 0.013 0.12 0 2.658 24 577 0
3.03 0 0 0 0 0 0 0 0 0 0 0 0 0 0 0 0 0 3.03 0 0 0 0 0 0 0 3.03 0 0 0 0 0 0 0 0 0 0 0 3.03 0 0 0 0 0 3.03 0 0 0 0 0.609 0 0 0 0 1.181 3 13 0
0 0 0.76 0 0.76 0 0.76 0.51 0 1.02 0 0.25 1.53 0 1.02 0 0.25 1.79 1.53 0 1.79 0 0.76 0 0 0 0 0 0 0 0 0 0 0 0 0 0 0 0 0.51 0 0 0 0 0 0 0 0 0 0.083 0 0.458 0.499 0 2.455 19 248 1
0 0 1.28 0 1.28 1.28 0 0 0 0 0 0 0 0 0 1.28 0 0 2.56 0 1.28 0 1.28 0 0 0 0 0 0 0 0 0 0 0 0 0 0 0 0 0 0 0 0 0 0 0 0 0 0 0.181 0 0.724 0 0 3.071 9 43 1
0 0 0 0 0 0 0 0 0 0 0 0 0 0 0 0 0 0 0 0 0 0 2.53 0 0 0 0 0 0 0 0 0 0 0 0 0 0 0 0 0 0 0 0 0 1.26 0 0 0 0 0.215 0 0.215 0.431 0 4 25 76 1
0 0.39 0.99 0 0.39 0 0.19 0 0.19 0.19 0 0.39 0 0 0 0 0.19 0.19 0.59 0.59 0.39 0 0.19 0.39 0 0 0 0.59 0 0 0 0 0 0 0 0.19 0 0 0 0 0 0 0 0 0 0 0 0 0 0.074 0 0.174 0.548 0 4.965 97 993 1
0 0 0.49 0 1.48 0 0.49 0 0 0 0 0.99 0 0 0 0.49 0.99 0 2.47 0 2.97 0 0 0 0 0 0 0 0 0 0 0 0 0 0 0 0 0 0 0 0 0 0 0 0.49 0 0 0 0 0.082 0 0.497 0.165 0 5.113 78 225 1
0 0 0 0 0 0 0 0 0 0 0 0 0 0 0 0 0 0 0 0 0 0 0 0 0 0 0 0 0 0 0 0 0 0 0 0 0 0 0 0 0 0 0 0 0 0 0 0 0 0 0 0 0 0 1.266 4 19 1
0 0 0 0 0 0 0 0 0 0.46 0 1.84 0 0 0 0 0 0.46 1.38 0 0.46 0 0 0 1.84 1.38 0.92 0.92 0.46 0.46 0.92 1.38 0 1.38 0.92 0.46 0 0 0 0.92 0 1.38 0 0 0.46 0 0 0.92 0 0.362 0 0 0 0 4.153 34 162 0
0.58 0 0 35.46 0.58 0 0.58 0.58 0 0 0 0 0 0.58 0 0.58 0.58 0.58 0.58 0 1.74 0 0 1.16 0 0 0 0 0 0 0 0 0 0 0 0 0 0 0 0 0 0 0 0 0 0 0 0 0 0 0 0.239 0.239 0 3.338 123 207 1
0 0 0.33 0 0.99 0.99 0.33 0.33 0 0 0 0.33 0.33 0 0 0.33 0.33 0 1.98 0 3.3 0 0 0.33 0 0 0 0 0 0 0 0 0 0 0 0 0 0 0 0 0 0 0 0 0.33 0 0 0 0 0.107 0 0 0.161 0.053 2.195 50 202 1
0 1.25 0 0 0 0 0 0 0.62 1.25 0 0 0 0 0 0 0 0 1.87 0 1.25 0 0 0 1.87 1.87 1.25 1.87 0.62 1.87 0.62 0.62 0 0.62 1.87 0.62 1.87 0 0.62 0.62 0 0 0.62 0 1.87 0 0 0 0 0.475 0.57 0 0 0 2.238 12 141 0
0 0 0 0 0 0 0 0 0 0 0 0 0 0 0 0 0 0 0 0 0 0 0 0 0 0 20 0 0 0 0 0 0 0 0 0 0 0 0 0 0 0 0 0 0 0 0 0 0 0 0 0 0 0 1 1 5 0
0 0 0 0 0 0 0 0 0.3 0 0 0.3 0 1.82 0 0 0.3 0 0.6 0 0.91 0 0 0 0 0 1.51 0 0 0 0 0 0 0 0 0 0 0 0 0 0 1.21 0 0 0 0 1.51 0 0 0.057 0 0 0 0.231 2.011 28 358 0
0 0 0.89 0 1.79 0.44 0 0 0 0 0 0.44 0 0 0 1.34 0 0 2.24 0 4.48 0 0 0 0 0 0 0 0 0 0 0 0 0 0 0 0 0 0 0 0 0 0 0 0 0 0 0 0 0.074 0 0 0 0 2.25 12 144 1
0 0 0 0 0.53 0 1.07 0 0 0.53 0 0 0 0 0 0 0 1.61 1.07 0 0 0 0 0 0 0 0 0 0 0 0 0 0 0 0 0 0 0 0 0 0 0 0 0 0 0 0 0 0 0.336 0 0 0 0 2.333 14 119 1
0.39 0 0 0 0 0.39 0.79 0 0 0 0 0.79 0 0 0 0 0.39 0 2.37 0 2.76 0 1.18 0.79 0 0 0 0 0 0 0 0 0 0 0 0 0 0 0 0 0 0 0 0 0 0 0 0 0 0.061 0 0.612 0.183 0 2.678 13 75 1
0 0 0 0 0 0 0 0 0 0 0 0 0 0 0 0 0 0 0 0 0 0 0 0 2.17 0 0 0 0 0 0 0 0 0 2.17 0 0 0 0 0 0 0 0 0 0 0 0 0 0 0.682 0 0 0 0 4.208 15 101 0
0.32 0 0.64 0 0.32 0.32 0 1.6 0.32 0.64 0.32 0.64 0 0 0 0 1.6 0 1.28 2.57 3.53 0 0 0 0 0 0 0 0 0 0 0 0 0 0 0 0 0 0 0.32 0 0 0 0 0 0 0 0 0 0.213 0 1.174 0.106 0 3.584 63 319 1
0 0 0 0 0 0 0 0 0 0 0 0 0 0 0 0 0 0 0 0 0 0 0 0 0 0 9.09 0 0 0 0 0 0 0 0 0 0 0 0 0 0 0 0 0 0 0 0 0 0 0 0 1.282 0 0 1 1 8 0
0 0 0 0 0 0 0 0 0 0 0 0 0 0 0 1.01 0 1.01 5.05 0 1.01 0 0 0 0 0 0 0 0 0 0 0 0 0 0 0 0 0 0 0 0 0 0 0 0 0 0 0 0 0 0 0 0 0 10 55 60 0
0 0 1.47 0 0 0 0 0 0 0 0 2.94 0 0 0 0 0 0 0 0 1.47 0 0 0 0 1.47 0 0 0 0 0 0 0 0 0 0 0 0 1.47 0 0 0 0 0 0 0 0 0 0 0 0 0 0 0 2.928 16 41 0
0 0 0 0 0 0 0 0 0 0 0 0 0 0 0 0 0 0 0 0 0 0 0 0 0 0 33.33 0 0 0 0 0 0 0 0 0 0 0 0 0 0 0 0 0 0 0 0 0 0 0 0 0 0 0 1 1 3 0
0 0 0 0 0 0 0 0 0 0 0 0 0 0 0 0 0 0 0 0 0 0 0 0 9.52 4.76 4.76 4.76 4.76 4.76 4.76 4.76 0 4.76 4.76 4.76 0 0 0 4.76 0 0 0 0 0 0 0 0 0 1.257 0 0 0 0 3.333 11 30 0
0.34 1.36 0 0 0 0 0 0 0.34 1.7 0 0 0 0 0 0 0 0 1.7 0 0.34 0 0 0 1.36 0.68 1.02 0.34 0.34 0.34 0.34 0.34 0 0.34 0.34 0.34 0.34 0 0.34 0.34 0 0 0.34 0 0.34 0 0 0 0 0.244 0 0 0 0 1.696 13 112 0
0 0.42 1.68 0 0.42 0 0 0 0 0 0 0.42 0 0 0 0.42 0 0.84 2.1 0 1.68 0 0 0 0 0 0 0 0 0 0 0 0 0 0 0 0 0 0 0 0 0 0 0 0.42 0 0 0 0 0.066 0 0.669 0 0 3.837 121 284 1
0.4 0.18 0.32 0 0.25 0.18 0.03 1.01 0.4 0.4 0.1 0.72 0.65 0.36 0.25 0.54 0.36 0.36 3.05 0.14 1.41 0 0.29 0.76 0 0 0 0 0 0 0 0 0 0 0 0 0 0 0 0.03 0 0 0 0 0.07 0 0 0 0.012 0.042 0.072 0.334 0.139 0 3.305 181 1613 1
0 0 1.35 1.35 0 0 0 1.35 0 0 0 0 0 0 0 1.35 0 0 2.7 0 0 0 0 0 0 0 0 0 0 0 0 0 0 0 0 0 0 0 0 0 0 0 0 0 2.7 0 0 0 0 0 0 3.588 0 0 2.516 17 78 1
0 0 0 0 0 0 0 0 0 0 0 0 0 0 0 0 0 0 0 0 0 0 0 0 0 0 0 0 0 0 0 0 0 0 0 0 0 0 0 0 0 0 0 0 0 0 0 0 0 0.943 0 0.943 0 0 2.166 5 13 0
0 0 0.16 0 0.83 0 0.16 0 0.16 0 0 0.66 0 0.66 0 0 0.16 0 0 0 0.16 0 0 0 3 0.83 0.33 0.5 0.16 0.16 0.5 0.16 0 0.16 0.5 0.16 0.5 0 0.16 0.16 0 0.66 0.33 0.16 0 0 0 0 0 0.162 0.04 0.02 0 0.02 2.604 28 758 0
0 0 0.66 0 0 0 0 0 0 0 0 0 0 0 0 0 0 0 0.66 0 0 0 0 0 2 2.66 0 0.66 0 0 0 0 0 0 0.66 0 1.33 0 0.66 0 0 0 0.66 0 0 0 0 0 0 0.104 0.209 0.104 0 0 2.152 17 127 0
0 0 0 0 0 0 0 0 0 0 0 0 0 0 0 0 0 0 0 0 0 0 0 0 0 0 2 0 2 0 0 0 2 0 0 0 0 0 0 0 0 0 0 0 0 0 0 0 0 0.337 0 0 0 0.337 2.95 7 59 0
0 0 0 0 0 0 0 2.94 0 0 0 0 0 0 0 0 0 0 0 0 0 2.94 0 0 0 0 0 0 0 0 0 0 0 0 0 0 0 0 0 0 0 0 0 0 0 0 0 0 0 0 0 0 0 0.45 14.5 42 87 1
0 0 0.4 0 0 0 0 0 0 0 0 0 0 0 0 0 0 0 0.8 0 0 0 0 0.4 0 0 0 0 0 0 0 0 0 0 0 0 0 0 0 0 0 0 0 0 0.4 0.4 0 0 0 0 0.145 0 0 0 1.372 5 70 0
0 0 1.02 0 0.51 0 0 0 0 0 0 0 0 0 0 0.51 0 0 1.53 0 1.53 0 0 0 0 0 0 0 0 0 0 0 0 0 0 0 0 0 0 0 0 0 0 0 0.51 0 0 0 0 0.09 0 0.542 0 0 1.972 19 146 1
0 0 0 0.6 0.6 0 0 0 0 0 0 0 0.6 0 0 2.42 0 0.6 0 0 0.6 0 0.6 0 0 0 0 0 0 0 0 0 0 0 0 0 0 0 0 0 0 0 0 0 0 0 0 0 0 0 0 0.412 0.206 0.103 2.3 20 237 1
0.16 0 0.67 0 0.33 0.16 0.33 0.84 0.16 0.5 0.33 1.51 0 0 0 0 1.68 0.33 2.18 1.68 3.69 0 0 0.33 0 0 0 0 0 0 0 0 0 0 0 0 0 0 0 0.16 0 0 0 0 0 0 0 0 0 0.19 0 1.194 0.054 0 5.567 101 657 1
0.44 0 0 0 0.89 0 0 0 0 0.44 0 1.33 0 0 0 0.44 0 0 4.46 0 1.78 0 0 0.44 0 0 0 0 0 0 0 0 0 0 0 0 0 0 0 0 0 0 0 0 0.44 0 0 0 0 0 0 1.131 0.15 0.075 2.428 28 153 1
0 0 1.47 0 0 0 0 0 0 0 0 0 0.73 0 0 0 0 0 3.67 0 0.73 0 0 0 1.47 0.73 0.73 0.73 1.47 0.73 0.73 0.73 0 0.73 0.73 0.73 0.73 0 0 0.73 0 0 0.73 0 0 0 0 0 0 0.363 0.121 0 0 0 2.171 12 76 0
0 0 0 0 0 0 0 0 0 0 0 1.88 0 0 0 0 0 0 1.88 0 0 0 0 0 0 0 0 0 0 0 0 0 0 0 0 0 0 0 0 0 0 0 0 0 0 0 0 0 0 0.33 0 0.33 0 0 1.769 4 23 0
0 0 0 0 0 0 0 0 0 0 0 2.9 0 0 0 0.58 0 0 0 0 1.74 0 0 0 2.32 0 0 0 0 3.48 0 0 0 0 0 0 0.58 0 0 0 0 0 0 0 0 0 0 0 0 0.165 0 0 0 0 1.7 12 68 0
0 0 0 0 0 0 0 0 0 0 0 0 0 0 0 0.92 0.46 0.92 1.85 0.46 1.85 0.46 0.46 0 0 0 0 0 0 0 0 0 0 0 0 0 0 0 0 0 0 0 0 0 0 0 0 0 0 0.142 0 0.142 0.5 0.285 1.636 10 126 1
0.17 0 0.08 0 0.43 0.08 0.08 0.43 0.08 0.08 0 0.6 0.17 0.17 0 0 0.17 0.08 1.2 0 3.14 0 0.34 0.08 0 0 0 0 0 0 0 0 0 0 0 0 0 0 0 0 0 0 0 0 0 0 0 0 0 0.081 0.027 0.088 0.013 0 4.16 48 1140 1
0 0 0.65 0 0.32 0 0 0 0 0 0 0.32 0 0 0 0 0 0 0 0 0 0 0 0 0 0 0 0 0 0 0 0 0 0 0 0 0 0 0 0 0 0 0 0 0 0 0 0 0 0.061 0.061 0.061 0 0 1.392 11 71 0
0.32 0.16 0.56 0 0.32 0.24 0.04 1.16 0.4 0.4 0.12 0.68 0.52 0.4 0.28 0.64 0.36 0.4 3.06 0.16 1.28 0 0.36 0.6 0 0 0 0 0 0 0 0 0 0 0 0 0 0 0 0.04 0 0 0 0 0.12 0 0 0 0.019 0.052 0.066 0.37 0.152 0 3.225 181 1500 1
0 0 0 0 0 0 0 0 0 0 0 0 0 0 0 0 0 0 0 0 0 0 0 0 0 0 0 0 0 0 0 0 0 0 0 0 0 0 0 0 0 0 0 0 0 0 0 0 0 0 1.098 0 0 0 2.375 5 19 0
0 0 0.64 0 0.64 0 0 0 0 1.29 0 0 0 0 0 2.59 0 0 3.24 0 0.64 0 0 0 0 0 0 0 0 0 0 0 0 0 0 0 0 0 0 0 0 0 0.64 0 0 0 0 0 0 0 0 0.574 0 0 5.833 30 105 1
0 0 0.29 0 0.29 0 0 0 0.29 0 0 0.29 0 1.19 0 0 0.29 0 0.29 0 0.29 0 0 0 0 0 0 0.29 0 0 0.29 0 0 0 0.29 0 0.29 0 0 0 0 0.89 0 0 0 0 0 0 0 0.156 0.031 0.376 0 0.125 3.338 157 611 0
0 0 0.55 0 1.11 0 0 0 0 0 0 0 0.92 0 0.18 0 0.37 0.37 3.14 0 0.92 0 0 0 0 0 0 0 0 0 0 0 0 0 0 0 0 0 0 0 0 0 0 0 0 0 0 0 0 0.186 0 0.434 0 0 1.377 4 73 1
0 0 0.27 0 0 0 0 0 0 0.83 0 0.55 0 0 0 0 0 0 0 0 0 0 0 0 0.55 0.27 0 0.55 0 0.27 0 0 0 0 0 0 0 0 0 0 0 0 0 0 0 0.27 0 0 0.082 0.164 0 0 0 0 2.235 51 199 0
0 0.51 0 0 0 0 0 0 0 0.51 1.02 0.51 0 0 0 0.25 0.76 1.27 2.04 0 0.76 0 0 0 0 0 0 0 0 0 0 0 0 0 0 0 0 0 0 0.25 0 0 0 0 0 0 0 0 0 0.457 0 0.29 0 0.124 2.614 66 149 1
1.17 0 0 0 0 0 0 0 0 0 0 1.17 0 0 0 0 1.17 0 3.52 0 0 0 0 0 0 0 0 0 0 0 0 0 0 0 0 0 0 0 0 0 0 0 0 0 1.17 0 0 0 0 0 0 0.924 0 0 1.966 10 59 1
0 0 0 0 0.4 0 0 0 0 0 0 2.04 0 0 0 0 0 0 2.44 0 0.81 0 0 0 1.22 3.26 0 0 0 0.4 0 0 0 0 0 0 0 0 0 0 0 0 0 0.4 0 0 0 0 0 0.137 0 0.068 0 0 2.282 21 89 0
0 0 0 0 0 0 0 0 0 0 0 0 0 0 0 0 0 0 3.22 0 0 0 0 0 0 0 0 0 0 0 0 0 0 0 0 0 0 0 0 0 0 0 0 0 0 0 0 0 0 0 0 0.546 0 0 2.3 9 23 1
0 0 0 0 0 0 0 0 0 0 0 0 0 0.85 0 0 0 0 0.85 0 0 0 0 0 0 0 0 0 0 0 0 0 0 0 0 0 0 0 0 0 0 0 0 0 0 0 0 0 0 0.126 0 0 0 0 3.925 51 106 1
0.7 0 1.05 0 0 0 0 1.4 0.35 0.35 0 0.35 0 0 0 2.1 0.7 0.35 2.1 3.15 2.1 0 0.35 1.4 0 0 0 0 0 0 0 0 0 0 0 0 0 0 0 0 0 0 0 0 0 0 0 0 0 0.116 0 0.348 0 0 1.166 13 189 1
0.09 0 0.27 0 0.36 0.09 0 0.18 0.09 0 0 0.72 0 0.36 0 0 0 0 2 0 3.27 0 0.36 0.09 0 0 0 0 0 0 0 0 0 0 0 0 0 0 0 0 0 0 0 0 0.27 0 0 0 0.015 0.047 0.031 0.252 0.031 0.031 3.816 69 542 1
0 0 0 0 0 0 0 0 0 0 0 0 0 0 0 0 0 0 0 0 0 0 0 0 2.4 1.2 1.2 1.2 1.2 1.2 1.2 1.2 1.2 1.2 1.2 1.2 0 0 0 1.2 0 0 0 1.2 0 0 0 0 0 0.446 0 0 0 0 2.166 11 39 0
0.3 0 1.23 0 1.54 0.92 0.61 0.92 0.3 0.3 0 0.3 0 0 0 0 0.3 0 2.47 0.92 0.92 0 1.23 0 0 0 0 0 0 0 0 0 0 0 0 0 0 0 0 0 0 0 0 0 0.3 0 0 0 0 0.045 0 0.728 0.182 0 4.339 60 243 1
0.31 0 0.63 0 0.47 0.47 0.15 0.79 0.15 0.63 0.31 1.42 0 0 0 0 1.58 0 2.05 1.58 3.95 0 0.15 0.47 0 0 0 0 0 0 0 0 0 0 0 0 0 0 0 0.15 0 0 0 0 0.15 0 0 0 0 0.076 0 1.3 0.127 0 5.241 97 650 1
0 0 0.74 0 0 0 0.74 0 0 0 0 0 0 0 0 2.22 0 0 1.48 0 1.48 0 0 0 0 0 0 0 0 0 0 0 0 0 0 0 0 0 0.74 0 0 0 0 0 0 0 0 0 0 0 0 0.088 0 0 3.048 29 125 1
0.13 0.06 0 0 0.13 0.13 0 0 0.13 0.27 0.06 0.41 0.06 0 0 0.27 0.06 0 1.04 0.13 0.83 0 0 0.06 1.46 0.48 0 0.13 0 0.06 0.27 0 0 0 0.13 0 0.2 0 0 0 0 0 0 0 0.06 0 0 0.48 0 0.194 0 0.029 0.048 0.009 1.793 23 888 0
0.98 0.16 0.41 0 0.08 0.24 0 0.08 0 0.49 0.08 0.57 0.9 0 0.16 0 0 0.32 2.46 0 1.14 0 0.49 1.14 0 0 0 0 0 0 0 0 0 0 0 0 0 0 0 0 0 0 0 0 0 0 0 0 0 0.095 0 0.751 0.255 0.095 4.163 84 712 1
0.86 0 0 0 0 0 0 0 0 0 0 2.6 0 0 0 0 0 0 2.6 0 0 0 0 1.73 0 0 0.86 0 0 0 0 0 0 0 0 0 0 0 0 0 0 0 0 0.86 0 0 0 0.86 0.561 0.14 0 0 0 0 1.352 6 23 0
0.09 0.49 0.59 0 0.29 0.19 0 0 0.09 0.39 0 1.59 0.19 0 0 0 0.09 0 3.67 0.09 1.09 0 0 0.09 0 0 0 0 0 0 0 0 0 0 0 0 0 0 0 0 0 0 0 0 0.09 0 0 0 0.766 0.037 0 5.836 1.31 0 5.792 54 753 1
0 0.02 0.05 0 0.02 0 0 0.05 0 0.35 0 0.02 0 0 0 0.05 0.1 0.38 0.07 0.2 0.17 0 0 0 0.02 0 0 0 0 0 0 0 0 0 0 0 0 0 0 0 0 0 0 0 0 0 0 0 0 0.004 0 0.107 0.017 0.017 3.922 489 3271 1
0 0 0.68 0 0 0 0 1.36 0 0 0.68 0.68 0 0 0 0 0 0 3.4 0 1.36 0 0.68 0.68 0 0 0 0 0 0 0 0 0 0 0 0 0 0 0 0 0 0 0 0 0 0 0 0 0 0 0 0.232 0.232 0 2.232 19 96 1
0 0 0.53 0 0.21 0.1 0.1 0.53 0.1 0.21 0 0.64 0 0 0 0 0.1 0 0 0 0 0 0.74 0 0 0 0 0 0 0 0 0 0 0 0 0 0 0 0 0 0 0 0 0 0 0 0 0 0 0.099 0 0.016 0.066 0 2.104 29 381 1
0.68 0.17 0.51 0 0.34 0 0.51 0 0 0.51 0 0.51 0.51 0.17 0.17 0.34 0.17 1.02 4.96 0 1.36 0 0 0 0 0 0 0 0 0 0 0 0 0 0 0 0 0 0 0 0 0 0 0 0.34 0 0 0 0.063 0.095 0 0.126 0 0 2.285 40 224 1
0 0 0 0 0 0 0 0 0 0 0 0 0 0 0 0 0 0 0 0 0 0 0 0 8.33 4.16 4.16 4.16 4.16 4.16 4.16 4.16 0 4.16 4.16 4.16 0 0 0 4.16 0 0 0 0 0 0 0 0 0 1.142 0 0 0 0 3.333 11 30 0
0.15 0.1 0 0 0.3 0.15 0 0.3 0 0 0 0.6 0 0 0 0 0 0 2.06 0 0.85 0 0.05 0 0.2 0 0 0 0 0 0 0 0.25 0 0.15 0 0.35 0 0 0 0 0 0 0.05 0 0 0 0 0.073 0.234 0 0.073 0 0 2.206 49 1026 0
0 0 0 0 1.26 0 0 1.26 0 0 0 0 0 0 0 1.26 0 0 0 0 0 0 0 0 0 0 0 0 0 0 0 0 0 0 0 0 0 0 0 0 0 0 0 0 0 0 0 0 0 0.411 0 0.926 0 0 3.558 25 121 1
0.33 0 0 0 0.33 0 0 0 0 0 0 0 0 0 0 0 0 0.33 2.01 0 0.33 0 0 0 1.34 1 1.34 0.33 0.33 0.33 0.33 0.33 1.34 0.33 0.33 0.33 0.33 0 0.33 0.33 0 0 0.33 0 0.33 0 0 0 0 0.296 0.059 0 0 0 1.742 12 122 0
0 0 0 0 0 0 0 0.26 0.39 0 0.13 0.52 0.26 0 0 0 0 0 0 0 0 0 0 0 4.22 0.13 0 0 0 0 0 0 0 0 0 0.13 0.13 0 0 0 0 0 0 0.13 0 0 0 0 0.017 0.107 0 0 0.071 0 2.848 26 433 0
0 0 0.32 0 0.64 0.64 0.64 0.32 0 0 0 0.32 0.32 0 0 0.32 0.32 0.32 2.27 0 3.24 0 0 0.32 0 0 0 0 0 0 0 0 0 0 0 0 0 0 0 0 0 0 0 0 0.64 0 0 0 0 0.166 0 0 0.166 0 1.688 19 157 1
0 0 0 0 1.05 0 0 0 0 0 0 0 0 0 0 0 0 0 1.05 0 0 0 0 0 0 0 1.05 0 0 0 0 0 0 0 0 0 0 0 0 0 0 0 0 0 0 0 0 0 0 0 0 0.181 0 0 2 7 22 0
0 0 0 0 0 0 0 0 0 0 0 2.18 0 0 0 0 0 0 1.45 0 0 0 0 0 2.18 0 0 0.72 0 0 0 0 0 0 0 0 0 0 0 0 0 0 0 1.45 0 0 0 0 0 0.122 0 0 0 0 1.785 18 75 0
0.09 0 0.27 0 0.36 0.09 0 0.18 0.09 0 0 0.72 0 0.36 0 0 0 0 2 0 3.36 0 0.36 0.09 0 0 0 0 0 0 0 0 0 0 0 0 0 0 0 0 0 0 0 0 0.27 0 0 0 0.015 0.047 0.031 0.237 0.031 0.031 3.758 69 530 1
0 0.37 0 0 0 0.74 1.12 0 0 0 0.74 1.49 0.74 0 0 0.37 0 1.49 4.49 0 1.87 0 0 0.74 0 0 0 0 0 0 0 0 0 0 0 0 0 0 0 0 0 0 0 0 0 0 0 0 0 0 0 0.223 0.223 0 2.021 10 93 1
0 0 0 0 0 0 0 0 0 0 0 0 0 0 0 0 0 0 0 0 0 0 0 0 0 0 0 0 0 0 0 0 0 0 0 0 0 0 0 0 0 0 0 0 0 0 0 0 0 0 0 0 0 0 2 3 4 0
0 0 0 0 0.32 0.32 0 0 0 0 0 0.32 0 0 0 0 0 0 1.3 0 0.98 0 0 0 0 0 0 0 0.32 0 0 0 0 0 0 0 0 0 0 0 0 0 0 0.65 0 0 0 0 0 0.257 0 0 0 0 1.3 7 104 0
0 0 0.64 0 0 0 0 0 0 0 0 0 0 0 0 0 0 0 3.22 0 0 0 0 0 0.64 0 0 0 0 0 0 0 0 0 0 0 0.64 0 0.64 0 0 0 0 0 1.29 2.58 0 0 0 0.348 0 1.16 0 0 3.121 15 103 0
0.44 0 0.88 0 0.44 1.32 0 0 0 0 0 0 0 0 0 0 0 0.44 1.76 0 2.2 0 2.2 0 0 0 0 0 0 0 0 0 0 0 0 0 0 0 0 0 0 0 0 0 0 0 0 0 0.222 0 0 0.444 0.37 0 2.448 16 142 1
2 0 0 0 0 0 0 0 0 0 2 2 0 0 0 0 0 0 2 0 8 0 0 0 0 0 0 0 0 0 0 0 0 0 0 0 0 0 0 0 0 0 0 0 0 0 0 0 0 0 0 0 0 0 5.888 29 53 0
0 0 0.15 0 0.13 0.03 0 0.08 0 0.06 0.03 0.64 0.08 0.01 0 0.05 0.22 0.01 0.15 0.03 0.33 0 0 0 0 0 0.01 0 0.03 0.01 0 0 1.33 0 0 0.1 0.76 0 0.01 0.05 0.06 0.03 0 0.05 0 0.1 0 0.37 0.024 0.254 0.002 0.002 0.007 0 2.128 36 3467 0
0.05 0.02 0.18 0 0.02 0.02 0 0.02 0 0.07 0 0.38 0.02 0.2 0.02 0 0.33 0.12 0.31 0 0.12 0 0 0 0 0 0 0.02 0 0 0 0 2.17 0 0 0.2 0.59 0 0 0.1 0 0.07 0.02 0.28 0 0.15 0.05 0.05 0.011 0.144 0.003 0 0 0 2.255 55 1825 0
0 1.32 0.56 0 0 0.94 0 0.18 0.37 0.75 0 2.07 0 0 0 0 0.37 0 2.45 0 0.94 0 0 0.18 0 0 0.18 0 0 0 0 0 0 0 0 0 0 0 0 0 0 0 0 0 0 0 0 0 0 0.08 0 0.242 0.107 0 2.623 35 244 1
0.46 0 0.46 0 0 0 0 0.46 0 0 0 1.38 0 0 2.31 0 0.46 0.46 2.77 0 2.31 0 1.38 0 0 0 0 0 0 0 0 0 0 0 0 0 0 0 0 0.46 0 0 0 0 0 0 0 0 0 0.494 0 0.082 0.823 0 3.4 12 102 1
0 0 0 0 0 0 0 0 0 0 0 0 0 0 0 0 0 0 6.66 0 0 0 0 6.66 0 0 0 0 0 0 0 0 0 0 0 0 0 0 0 0 0 0 0 0 0 0 0 0 0 0 0 0.537 0 0 2.777 12 25 1
0 0 0 0 0 0 0 0 0 1.51 0 0 0 0 0 0 0 0 0 0 0 0 0 0 0 0 1.51 0 0 0 0 0 0 0 0 0 0 0 0 0 0 0 0 0 0 0 0 0 0 0 0 0 0 0 1.615 4 21 0
0 0 0 0 0 0 0 0 0 0 0 0 0 0 0 0 0 0 0 0 0 0 0 0 1.97 1.72 0.49 0.24 0.24 0.24 0.24 0.24 0.24 0.24 0.24 0.24 0.24 0 0 0.24 0 0 0.24 0 0.24 0.49 0 0 0 0.15 0.075 0.037 0 0 2.367 12 206 0
0 0.15 0.07 0 0.23 0 0 0.07 0.07 0.07 0 1.48 0.15 0.23 0 0.07 1.01 0 0.15 0.07 0 0 0.15 0.07 3.11 0 0 0 0 0 0 0 0.15 0 0 0 0.15 0 0 0 0 0.46 0 0 0.23 0 0 0 0.185 0.098 0 0 0.043 0 2.013 24 576 0
0 0 0 0 1.85 0 0 0 0 0 0 0 0 0 0 0 0 0 1.85 0 0 0 0 0 0 0 0 0 0 0 0 0 0 0 0 0 0 0 0 0 0 0 0 0 0 1.85 0 0 0 0 0 0 0 0 1 1 19 0
0 3.68 0 0 0 0 0 0 0 0 0 0.61 0 0 0 0 0 0 0.61 0 1.22 0 0 0 1.22 0.61 3.06 0.61 0.61 0.61 0.61 0.61 0 0.61 0.61 0.61 1.84 0 0.61 0.61 0 0 1.84 0 1.84 0 0 0 0 0.189 0.094 0 0 0.094 2.283 13 169 0
0.11 0 0.22 0 0 0 0 0 1.02 0 0 0.34 0 0 0 0 0 0 0.45 0 0.22 0 0 0 0.56 0.68 0.11 0 0 0 0 0 0.34 0 0 0.11 0.22 0 0 0 0 0 0 0 0 0.11 0 0 0.076 0.198 0.03 0 0.03 0 4.211 81 678 0
0 0 0.53 0 0.53 0 0 0.53 0 0 0 1.06 0 0 2.12 0 0.53 0.53 2.65 0 2.65 0 1.59 0 0 0 0 0 0 0 0 0 0 0 0 0 0 0 0.53 0.53 0 0 0 0 0 0 0 0 0 0.191 0 0.095 0.478 0 5.038 60 131 1
0 0 0.17 0 0 0 0 0 0 0.17 0 0.17 0 0 0 0 0 0 0.17 0 0 0 0 0 1.57 1.4 0 0 0 0.17 0 0 0.17 0 0 0 1.92 0 0 0 2.8 0 0 0 0 2.8 0 0 0.267 0.802 0.118 0 0 0 4.808 20 601 0
0 0 0 0 0 0 0 0 0 0 0 0 0 0 0 0.72 0 0.72 2.18 0 0.72 0 0 0 0 0 0 0 0 0 0 0 0 0 0 0 0 0 0 0 0 0 0 0 0.72 0 0 0 0 0.298 0 0.198 0 0.099 4 59 128 0
0 0 0 0 0 0 0 0 0 0 0 0.46 0.46 0 0 0 0 0 1.38 0 0.46 0 0 0 0.46 0 0 0 0 0 0 0 0 0 0 0 0.92 0 1.38 0 0.92 0.46 1.38 0 1.38 0.92 0 0 0.149 0.074 0.149 0 0 0 1.76 12 132 0
0 0 0 0 0 0 0 0 0 0 0 0 0 0 0 0 0 0 3.84 0 0 0 0 0 0 0 0 0 3.84 0 0 0 0 0 3.84 0 0 0 0 0 0 3.84 0 0 0 0 0 0 0 0 0 0 0 0.751 2.333 13 21 0
0 0 0 0 0 0 0 1.78 0 0 0 0 0 0 0 0 0 0 0 0 0 0 0 0 0 0 0 0 0 0 0 0 0 0 0 0 1.78 0 0 0 0 0 3.57 0 0 0 0 0 0 0 0 0 0 0 1.666 7 15 0
0 0 0 0 0 1.34 0 0 0 0 0 0 0 0 0 0 0 0.67 1.34 0 0 0 0 0 0 0 0.67 0 0 0 0 0 1.34 0 0 0 0 0 0 0 0 0 0 0.67 0.67 0 0 0 0 0.111 0 0 0 0 1.285 5 27 0
0 0.63 0 0 1.27 0 0 0 0 0 0 1.27 0 0 0 0 0 0.63 3.18 0 0.63 0 0 0 0 0 1.27 1.27 0 0 0 0.63 0 0.63 0 0 0 0 0 0 0 0 0 0 2.54 0 0 0 0 0.218 0 0 0 0 2.215 22 113 0
0 0 0 0 1.81 0 0 0 0 1.81 0 0 1.81 0 0 0 0 0 0 0 0 0 0 0 1.81 1.81 0 0 0 0 0 0 0 0 0 0 0 0 0 0 0 0 0 0 0 0 0 0 0 0 0 0 0 0 1.3 3 13 0
0 0 0 0 0.9 0 0 0 0 0 0 0 0 0 0 0 0 0.9 4.5 0 0.9 0 0 0 0 0 0.9 0 0.9 0 0 0 0 0 0 0 0 0 0 0 0 0 0 0 0 0 0 0 0 0.318 0 0 0 0 1.772 4 39 0
0 0 0 0 0 0 0 0 0 0 0 0.35 0 0 0 0 0 0 0.35 0 1.06 0 0 0 1.41 1.06 0.7 0.35 0.35 0.7 0.35 0.35 0.35 0.35 0.35 0.35 0.35 0 0 0.35 0 0 0.35 0 0.7 0 0 0 0 0.222 0.055 0 0 0 1.506 12 119 0
0 0 0.48 0 0.48 0.48 0.48 0 0 0.96 0 0 0 0 0 0 0.96 0 3.36 0 0.96 0 0 0 0 0 0 0 0 0 0 0 0 0 0 0 0 0 0 0 0 0 0 0 0 0 0 0 0 0.163 0 0.163 0 0 1.696 17 95 1
0 1.32 0.56 0 0 0.94 0 0.18 0.37 0.75 0 2.07 0 0 0 0 0.37 0 2.45 0 0.94 0 0 0.18 0 0 0.18 0 0 0 0 0 0 0 0 0 0 0 0 0 0 0 0 0 0 0 0 0 0 0.08 0 0.241 0.107 0 2.623 35 244 1
0 0 1.22 0 1.22 0 0 0 0 0 0 0 0 0 0 0.61 0 0.61 1.22 0 0 0 0 0 0 0 0 0 0 0 0 0 0 0 0 0 0 0 0 0 0 0 0 0 0.61 0 0 0 0 0 0 0.517 0.103 0 2.966 28 178 1
0.62 0 0.62 0 1.25 0 0.62 0 0 0 0 0.62 0 0 0 0.62 0.62 0 1.25 0 2.51 0 0.62 0 0 0 0 0 0 0 0 0 0 0 0 0 0 0 0 0 0 0 0 0 0 0 0 0 0 0 0 0.456 0.273 0 2.52 22 121 1
0 0 0 0 0 0 0 0 0 0 0 0 0 0 0 0 0 0 0 0 0 0 0 0 0 0 0 0 0 0 0 0 0 0 0 0 0 0 0 0 0 0 0 0 0 0 0 0 0 0 0 1.886 0 0 1.375 4 11 0
0 0 0 0 0 0 0 0 0 0 0 0 0 0 0 0 0 0 2.04 0 0 0 0 0 0 0 0 0 0 0 0 0 0 0 0 0 0 0 0 0 0 0 0 0 0 0 0 0 0.373 0.373 0 0.373 0 0 1.714 4 12 0
0 0 0 0 4.16 0 0 0 0 0 0 4.16 0 0 0 0 0 0 4.16 0 0 0 0 0 0 0 0 0 0 0 0 0 4.16 0 0 0 0 0 0 0 0 4.16 0 0 0 0 0 0 0 0.689 0 0.689 0 0 1.3 4 13 0
0.45 0.9 0.9 0 0.45 0 0 0.45 0 1.8 0 2.25 0 0.45 0 0.45 0 0 1.8 0 5.4 0 0 0 0 0 0 0 0 0 0 0 0 0 0 0 0 0 0 0 0 0 0 0 0 0 0 0 0 0.243 0 1.626 0.162 0.081 69.727 706 767 1
0 0 0 0 0 0 0 0 0 0 0 0 0 0 0 0 0 0 0 0 0 0 0 0 0 0 0 0 0 0 0 0 0 0 0 0 0 0 0 0 0 0 0 0 2.5 0 0 0 0 0 0 0 0 0 1.333 3 12 0
0 0 0 0 0 0 4 0 0 0 0 0 0 0 0 0 0 0 0 0 0 0 0 0 0 0 0 0 0 0 0 0 0 0 0 0 0 0 0 0 0 0 0 0 0 0 0 0 0 0 0 0 0 0 8.166 19 49 1
0 0 0 0 0 0 0 0 0 2.43 0 2.43 0 0 0 0 0 0 0 0 2.43 0 0 0 0 0 0 0 0 0 0 0 0 0 0 0 0 0 0 0 0 0 0 0 0 0 0 2.43 0 0 0 0 0 0 5.3 40 53 0
0 0.18 0 0 0.18 0 0 0.37 0 0 0 0.94 0 0 0 0 1.89 0 0.18 0 0 0 0 0 0.37 0.18 0 0 0 0.18 0 0 0 0 0 0.37 0 0 0 0 0 0 0 0 0.56 0 0 0 0 0.244 0 0 0 0 1.663 10 168 0
0 0 0 0 1.23 0 0 0 0 0 0 0 0 0 0 0 0 0 1.23 0 0 0 0 0 0 0 1.23 0 0 0 0 0 0 0 0 0 0 0 0 0 0 3.7 0 1.23 1.23 0 0 0 0 0.468 0 0 0 0 1.058 2 18 0
0 0 0 0 0 0 0 0 0 0 0 0 0 0 0 0 0 0 0.7 0 0 0 0 0 0.35 0.35 0 0.7 0.35 0.35 0 0 0 0 0.35 0 0 0 0.7 0 0 0 0 0.35 0 0 0 0 0 0 0 0 0 0 1.506 11 113 0
0 0 0 0 0 0 0 1.12 0 0 0 0 0 0 0 0 0 0 0 0 0 0 1.12 0 0 0 0 0 0 0 0 0 0 0 0 0 0 0 0 0 0 0 0 0 1.12 0 0 0 0 0.212 0 0.424 0.424 0 4.1 25 82 1
0 0 0.32 0 0.64 0.64 0.64 0.32 0.32 0 0 0.32 0.32 0 0 0.32 0.32 0.32 2.25 0 3.21 0 0 0.32 0 0 0 0 0 0 0 0 0 0 0 0 0 0 0 0 0 0 0 0 0.64 0 0 0 0 0.156 0 0 0.156 0 1.752 19 149 1
0.46 0.31 0.46 0 0.05 0.13 0.05 0.26 0.44 0.75 0.26 0.96 0.57 1.22 0 0.1 0.44 0 3.21 0 1.48 0 1.01 0.33 0 0 0 0 0 0 0 0 0 0 0 0 0 0 0 0 0 0 0 0 0.02 0 0 0 0 0.068 0 0.346 0.793 0.159 6.05 199 3213 1
0 0 0 0 0 0 0 0 0 0 0 0 0 0 0 0 0 0 0 0 0 0 0 0 0 0 0 0 0 0 0 0 0 0 0 0 0 0 0 0 0 0 0 0 0 9.09 0 0 0 0 0 0 0 0 2.428 5 17 0
0 0 0 0 0 0 0 0 0 0 0 0 5.55 0 0 0 0 0 5.55 0 0 0 0 0 0 0 5.55 0 0 0 0 0 0 0 0 0 0 0 0 0 0 0 0 0 0 0 0 0 0 0 0 0 0 0 1 1 10 0
0 0 0 0 0.33 0 0 0 0 0 0 0.33 0 0 0 0.33 0 0.33 0.33 0 0.33 0 0 0 0.99 0.33 0 0.66 0 0.33 0 0 0 0 0.33 0 0 0 0 0 0 0 0 0.33 0 0 0 0 0 0.13 0.043 0 0 0 2.016 19 125 0
0.8 0 0.8 0 1.6 0 0 0 0 0 0 0 0 0 0 0.8 0.8 0 1.6 0 2.4 0 0.8 0 0 0 0 0 0 0 0 0 0 0 0 0 0 0 0 0 0 0 0 0 0 0 0 0 0 0 0 1.62 0.347 0 2.604 22 125 1
0 0 0 0 0 0 0 0 0 0.74 0 0 0 0 0 0 0 0 0.74 0 0 0 0 0 0.74 0.74 0 1.48 0 0 0 0 0 0 0 0.74 0 0 0 0 0 0 0 0 0.74 0 0 0 0 0.257 0 0 0 0 2.638 11 95 0
0 0 0.44 0 0.88 0.22 0 0 0 0 0 0.44 0 0.22 0 0 0 0 0.66 0 0.44 0 0 0 0 0 0 0 0 0.66 0 0 0 0 0 0 0 0 0 0 0 0 0 0.44 0 0 0 0 0.037 0.224 0 0 0.187 0.149 3.384 21 264 1
0.9 0 0 0 0 0 0 0 0 0 0 0.9 0 0 0 0 0 0 0 0 0 0 0 0 0.9 0.9 0 0 0 0 0 0 0 0.9 0 0 0.9 0 0 0 0 0 0 0 0 0 0 0 0 0.15 0 0 0 0 3.225 22 129 0
0 0 0 0 0 0 0 0 0 1.12 0 0 0 0 0 0 0 0 1.12 0 1.12 0 0 0 0 0 1.12 0 0 0 0 0 0 0 0 0 0 0 0 0 0 0 0 0 2.24 0 0 0 0 0 0 0.203 0 0.203 2.222 20 40 0
0 0 0 0 0.53 0 0.53 0 0.53 0 0 1.07 0 0 0 0 0 0 2.15 0 3.22 0 0 0 0 0 0 0 0 0 0 0 0 0 0 0 0 0 0 0 0 0 0 0 0 0 0 0 0 0 0 0.082 0 0 4.391 66 101 1
0 0 0.52 0 0 0 0 0 0 0 0 0 0 0 0 0 0 0 0 0 0 0 0 0 0 0 1.56 0 0 0 0 0 1.04 0 0 0 0 0 0 0 0 0 0 0 0 0 0 0 0 0.18 0 0 0 0 1.5 4 63 0
0 0 1.33 0 1.78 0.44 0 0.44 0 0 0 0 0 0 0 0 0 0 4.46 0.89 0.89 0 0.44 0 0 0 0 0 0 0 0 0 0 0 0 0 0 0 0 0 0 0 0 0 0.44 0 0 0 0.078 0.078 0 0 0 0 1.541 5 37 1
0 0 0 0 0.63 0 0.31 0.63 0.31 0.63 0.31 0.31 0.31 0 0 0.31 0 0 3.18 0 0.31 0 0 0 0 0 0 0 0 0 0 0 0 0 0 0 0 0 0 0 0 0 0 0 0 0 0 0 0 0.135 0 0.135 0 0 3.537 40 191 1
0.15 0.45 1.05 0 0.45 0 0 1.81 0.6 0.75 0 0.9 0.3 0 0.3 0 0 0 4.07 0 1.51 0 0 0.3 0 0 0 0 0 0 0 0 0 0 0 0 0 0 0 0 0 0 0 0 0.15 0 0 0 0 0.25 0 1.318 0.068 0 5.301 130 774 1
0 0 0 0 0 0 0 0 0 1.86 0 1.24 0 0 0 0 0 0 0 0 0 0 0 0 2.48 1.24 1.24 1.86 0.62 0.62 0.62 0.62 0 0.62 0.62 1.24 0 0 0.62 0.62 0 0 0.62 0 0.62 0 0 0 0.189 0.757 0 0 0 0 2.63 16 171 0
0 0 0 0 0 0.49 0 0.49 0 0 0 0 0 0 0 0 0 0 0.49 0 0 0 0 0 0 0 0.49 0 0 0 0 0 0 0 0 0 0.49 0 0 0 0 0 0 0 0 0 0 0 0 0.228 0 0 0 0 1.962 5 106 0
0 1.32 0.56 0 0 0.94 0 0.18 0.37 0.75 0 2.08 0 0 0 0 0.37 0 2.65 0 0.94 0 0 0.18 0 0 0.18 0 0 0 0 0 0 0 0 0 0 0 0 0 0 0 0 0 0 0 0 0 0 0.084 0 0.31 0.112 0 2.548 34 237 1
0 0 0 0 0 0 0 0 0 0 0 0 0 0 0 0 0 0 2.4 0 0 0 0 0 0 0 0 0 0 0 0 0 0 0 0 0 0 0 0 0 0 0 0 0 1.2 0 0 0 0 0 0 0 0 0 1.59 5 35 0
0.27 0.27 0.55 0 0.27 0.27 0 1.39 0.27 0.83 0.27 0.55 0 0 0 0 1.39 0.55 1.67 1.95 3.07 0 0 0 0 0 0 0 0 0 0 0 0 0 0 0 0 0 0 0.27 0 0 0 0 0 0 0 0 0 0.279 0 2.001 0.093 0 3.706 63 341 1
0.17 0.26 1.21 0 0.43 0.6 0.43 0.26 0.69 0.52 0.26 1.3 0.17 0 0.6 0.69 0.08 1.47 2.43 0.17 1.04 0 0.95 0.17 0 0 0 0 0 0 0 0 0 0 0 0 0 0 0 0.08 0 0 0 0 0.08 0 0 0 0 0.107 0 0.256 0.242 0.013 6.142 583 1339 1
0 0 0.32 0 0.65 0.65 0.32 0.32 0 0 0 0.32 0.32 0 0 0.32 0.32 0 2.28 0 3.26 0 0 0.32 0 0 0 0 0 0 0 0 0 0 0 0 0 0 0 0 0 0 0 0 0.32 0 0 0 0 0.106 0 0 0.159 0 1.494 10 139 1
0 0 1.56 0 0 0 0 0 0 0 0 0 0 0 0 0 0 0 0 0 0 0 0 0 0 0 0 0 0 0 0 0 0 0 0 0 0 0 0 0 1.56 0 0 0 0 1.56 0 0 0 0 0 0 0 0 1.75 3 21 0
0 0 0 0 0 0 0 0 0 0 0 0 0 2.06 0 0 0 0 0 0 0 0 0 0 0 0 0 0 0 0 0 0 0 0 0 1.03 0 0 0 0 0 0 0 0 1.03 0 0 0 0 0.17 0 0.17 0.341 0 3.809 24 80 1
0 0 0 0 0 0 0 0 0 0 0 1.24 0 0 0 0 0 0 0 0 0 0 0 0 0 0 0 0 0 0 0 0 6.22 0 0 0 0 0 0 0 0 0 0 0 0 0 0 0 0 0 0 0 0 0 1.6 7 64 0
0 0 0 0 0 0 0 2.04 0 0 1.02 0 0 0 0 0 0 0 4.08 0 1.02 0 1.02 0 0 0 0 0 0 0 0 0 0 0 0 0 0 0 0 0 0 0 0 0 0 0 0 0 0 0 0 0.968 0 0 2.179 18 85 1
0.31 0.31 0.94 0 0 0.62 0 0 0 0 0 0.31 0 0 0 0 0 0 2.83 0 0.31 0 0 0 1.88 0 0 0 0 0 0 0 0 0 0 0 0 0 0 0 0.31 0 0 0 0.31 0 0 0 0 0 0 0.096 0 0 2.368 45 180 0
0 0.39 1.17 0 0.39 0 0 0 0 0.78 0.78 0.78 0 0 0.39 3.51 0 0 1.17 0 1.17 0 0 0 0 0 0 0 0 0 0 0 0 0 0 0 0 0 0 0 0 0 0 0 0.39 0 0 0 0 0.066 0 0.864 0.132 0.066 5.87 44 364 1
0.22 0 0.22 0 0.45 0 0 0 0 0 0 0 0.68 0 0 0.22 0 0 0.68 0.22 0 0 0 0 0 0 0 0 0 0 0 0 0 0 0 0 0.22 0 0 0 0.68 0 0.22 1.83 0.22 0.91 0 0 0 0.267 0.038 0 0 0 1.649 13 94 0
0 0 0 0 0 0 0 0 0 0 0 0 0 0 0 0 0 0 0 0 0 0 0 0 1.92 0 0 0 0 0 0 0 3.84 0 0 0 1.92 0 3.84 0 0 0 0 0 0 0 0 0 0 0 0 0.178 0 0 1.666 7 50 0
0 0 0 0 0 0 0 0 0 0 0 0 0 0 0 0 0 0 3.57 0 0 0 0 0 0 0 0 0 0 0 0 0 0 0 0 0 0 0 0 0 0 0 0 0 3.57 0 0 0 0.675 0 0 0 0 0 1 1 3 0
0.17 0 0.08 0 0.42 0.08 0.08 0.42 0.08 0.08 0 0.6 0.17 0.17 0 0 0.17 0.08 1.2 0 3.17 0 0.34 0.08 0 0 0 0 0 0 0 0 0 0 0 0 0 0 0 0 0 0 0 0 0 0 0 0 0 0.085 0.028 0.099 0.014 0 4.07 48 574 1
0 0 0.78 0 1.17 0 0 0 0 0 0 0.39 0 0 0 0.78 0 0 1.56 0 1.96 0 0 0.78 0 0 0 0 0 0 0 0 0 0 0 0 0 0 0 0 0 0 0 0 0 0 0 0 0 0 0 0 0.092 0 4.111 20 222 1
0 0 0 0 0 0 0 0 0 2.17 0 0 0 0 0 0 0 0 0 0 0 0 0 0 13.04 0 0 0 0 4.34 0 0 0 0 0 0 0 0 0 0 0 0 0 0 0 0 0 0 0 0 0 0 0 7.407 3.555 19 96 0
0 0 0 0 0 0 0 0 0 0 0 0 0 0 0 0 0 0 0 0 0 0 0 0 0 0 0 0 0 0 0 0 0 0 0 0 0 0 0 0 0 0 0 0 8.33 0 0 0 0 0 0 0 0 0 5.333 18 32 0
0 0 0 0 0 0 0 0 0 0 0 0 0 0 0 0 0 0 4.34 0 0 0 0 0 0 0 0 0 0 0 0 0 0 0 0 0 0 0 0 0 0 0 0 0 0 0 0 0 0 0 0 7.843 0 0 1.666 5 15 1
0 0 0 0 0 0 0 0 0 0 0 0 0 0 0 4 0 0 0 0 0 0 0 0 0 0 0 0 0 0 0 0 0 0 0 0 0 0 0 0 0 0 0 0 0 0 0 0 0 0 0 2.453 0 0 4.153 26 54 1
0 0 0 0 0 0 0 0 0 0.72 0 0.72 0 0 0 0 0 0 4.37 0 0 0 0 0 1.45 0 0 0 0 0 0 0 0 0 0 0 0 0 0 0 0 0 0 0 0 0 0 0 0 0 0.107 0 0 0 1.48 9 37 0
0 0 0 0 0 0 0 0 0 0 0 0 0 0 0 0 0 0 0 0 0 0 0 0 0 0 0 0 0 0 0 0 0 0 0 0 0 0 0 4.16 0 0 0 0 0 0 0 0 0 0 0 0 0 0.602 4.7 23 47 0
0 0 0 0 0 0 0 0 0 0 0 0 0 0 0 0 0 0 0 0 0 0 0 0 0 0 20 0 0 0 0 0 0 0 0 0 0 0 0 0 0 0 0 0 0 0 0 0 0 0 0 0 0 0 1 1 6 0
0 2.4 0 0 0.8 0 0 0 0 0 0 0 0 0 0 0 0 0 2.4 0 0 0 0 0 1.6 0 0 0 0 0 0 0 0 0 0 0 0.8 0 0 0 0 1.6 0 0 0 0.8 0 0 0.12 0 0 0 0 0 1.696 15 56 0
0 0 0 0 0 0 0 1.08 0 0 0 0 0 1.08 0 0 0 0 0 0 0 0 1.08 0 0 0 0 0 0 0 0 0 0 0 0 0 0 0 0 0 0 0 0 0 1.08 0 0 0 0 0.191 0 0.191 0.383 0 3.95 23 79 1
0 0 0 0 0 0 0 0 0 0 0 0 0 0 0 0 0 0 1.88 0 0 0 0 0 0 0 0 0 0 0 0 0 0 0 0 0 0 0 0 0 0 0 0 0 1.88 0 0 0 0 0.35 0 0 0 0 1.461 6 19 0
0 0.19 0 0 0 0 0 0 0 0 0 0 0 0 0 0 0 0.39 0.98 0.19 0.98 0 0 0 0.19 0 0 0 0 0.19 0 0 0 0 0 0 0.39 0 0 0 0 0 0 0 0.19 15.35 0 0 0.086 0 0 0.028 0 0 3.377 15 537 0
0 0 0 0 0 0 0 0 0 0 0 0 0 0 0 0 0 0 0 0 0 0 0 0 0 0 20 0 0 0 0 0 0 0 0 0 0 0 0 0 0 0 0 0 0 0 0 0 0 0 0 0 0 0 1 1 5 0
0 0 0.15 0 0.31 0 0.15 0 0.63 0.15 0.15 0 0 0 0 1.11 0 1.27 0.79 0 0 0 0 0 0.95 0 0 0 0 0 0 0 0 0 0 0 0.31 0 0 0.15 0 0 0 0 0 0 0 0 0 0.088 0 0.862 0.707 0.022 5.423 51 1128 1
0 0 0 0 0 0 0 0 0 1.47 0 1.47 0 0 0 0 0 0 7.35 0 1.47 0 0 0 0 0 0 0 0 0 0 0 0 0 0 0 0 0 0 0 0 0 0 0 0 0 0 0 0 0 0 0 0 0 2.769 15 36 1
0 0 0 0 0 0 0 0 0 0 0 0 0 0 0 0 0 0 0 0 0 0 0 0 0 0 1.66 0 0 0 0 0 1.66 0 0 0 0 0 0 0 0 0 0 0 0 0 0 0 0 0.837 0 0 0 0 3.789 10 72 0
0.11 0.23 0.11 0 0.46 0.46 0 0.11 0.93 1.74 0.11 0.34 0.23 0.11 2.09 0 0.46 0 3.49 0 1.28 0 0.46 0.46 0 0 0 0 0 0 0 0 0 0 0 0 0 0 0 0.11 0 0 0 0 0.34 0 0 0 0.019 0.172 0 0.23 0.134 0 4.281 144 655 1
0 0 0 0 0 0 0 0 0 0 0 0 0 0 0 0.27 0 0.27 0.55 0 0.55 0 0 0 0 0 0 0 0 0 0 0 0 0 0 0 0 0 0 0 0 0 0 0 0.55 0.27 0 0 0 0.122 0.081 0 0 0.04 3.891 70 323 0
0 0 0 0 2.02 0 0 0 0 0 0 0 1.01 0 0 0 0 0 1.01 0 0 0 0 0 0 0 0 0 0 0 0 0 0 0 0 0 0 0 0 0 0 0 0 2.02 0 0 0 0 0.166 0.166 0.166 0 0 0 1.428 6 40 0
1.49 0 0 0 0 0 0 0 0 0 0 1.49 0 0 0 0 0 0 4.47 0 1.49 0 0 0 0 1.49 0 0 0 0 0 0 0 0 0 0 0 0 0 0 0 0 0 1.49 0 0 0 0 0 0 0 0 0 0 1.933 8 29 0
0.18 0 0.18 0 1.59 0.36 0 0.06 0.06 0.06 0.06 0.55 0.3 0.06 0 0 0.73 0 4.4 0.24 1.1 0 0.85 0.06 0 0 0 0 0 0 0 0 0 0 0 0 0 0 0 0 0 0 0.06 0 0 0 0 0 0.01 0.052 0 0.01 0.169 0 1.775 12 451 1
0 0 0 0 0 0 0 0 0 0 0 0 0 0 0 0 0 0 0 0 2.11 0 0.7 0 0 0 0 0 0 0 0 0 0 0 0 0 0 0 0 0 0 0 0 0 0 0 0 0 0 0 0 1.975 0.37 0 35.461 95 461 1
0 0 0.77 0 0.38 0.38 0.38 0 0 0.77 0.38 0.38 0 0 0 0.77 0.77 0.77 2.31 0 1.15 0 0 0.38 0 0 0 0 0 0 0 0 0 0 0 0 0 0 0 0 0 0 0 0 0 0 0 0 0.063 0.127 0.255 0.51 0 0 3.685 62 258 1
0 0 0 0 0 0 0 0 0 0 0 0 0 0 0 0 0 1.26 5.06 0 0 0 0 0 0 0 0 0 0 0 0 0 0 0 0 0 0 0 0 0 0 0 0 1.26 2.53 0 0 0 0 0.263 0 0 0 0 2 5 32 0
0.05 0.3 0.4 0 0.1 0.05 0 0.05 0.1 0 0 0.3 0.2 0 0.05 0 0 0.5 1.55 0.3 0.75 0 0.15 0.2 0.05 0.05 0 0 0 0 0 0 0 0 0 0 0 0 0 0 0 0 0 0.05 0.05 0 0 0 0 0.036 0 0.054 0.118 0 2.379 96 583 1
0 0 0 0 0 0 0 0 0 0 0 0 0 0 0 0 0 0 0 0 0 0 0 0 0 0 25 0 0 0 0 0 0 0 0 0 0 0 0 0 0 0 0 0 0 0 0 0 0 0 0 0 0 0 2 4 6 0
0 0 0 0 0 0 0 0 0 0 0 0.86 0 0 0 0 0 0 0 0 0 0 0 0 0 0 0 0 0 0 0 0 0 0 0 0 0.86 0 0 0 0 0 0 0 0 0 0 0 0 0 0 0 0 0 1.592 8 43 0
0 0.47 0 0 0 0.47 0 0 0.23 0.23 0 1.19 0.47 0 0 0.23 0 0.47 2.63 0 0.47 0 0 0.23 0 0 0 0 0 0 0 0 0 0 0.23 0 0.23 0 0 0 0 0 0 0 0 0 0 0 0 0 0 0.327 1.357 0.046 5.769 72 450 1
0 2.5 0 0 0 0 0 0 0 0 0 0 0 0 0 0 0 0 5 0 2.5 0 0 0 0 0 0 0 0 0 0 0 0 0 0 0 0 0 0 0 0 0 0 0 2.5 0 0 0 0 0 0 0 0 0 1.142 2 8 0
0 0 0 0 0 0 0 0 0 0 0 0 0 0 0 0 0 0 2.17 0 2.17 0 0 0 0 0 0 0 0 0 0 0 0 0 0 0 0 0 0 0 0 0 0 0 0 0 0 0 0 0 0 0.411 0 0 4.307 15 56 1
0 2.12 0 0 0 0 0 0 0 2.12 0 0 0 0 0 0 0 0 0 0 0 0 0 0 0 0 0 0 0 0 0 0 0 0 0 0 0 0 0 0 0 0 0 0 0 0 0 0 0 0 0 0 0 0 1.3 4 13 0
0 0 0.97 0 0 0 0 0 0 0.97 0 0 0 0 0 0 0 0 2.91 0 0.97 0 0 0 0 0 0 0 0 0 0 0 0 0 0 0 0 0 0 0 0 0 0 0.97 0 0 0 0 0 0 0 0 0 0 1.714 6 12 0
0.98 0.16 0.41 0 0.16 0.24 0 0.16 0 0.49 0.08 0.57 0.9 0 0.16 0 0 0.32 2.37 0 1.23 0 0.49 1.14 0 0 0 0 0 0 0 0 0 0 0 0 0 0 0 0 0 0 0 0 0 0 0 0 0 0.096 0 0.736 0.256 0.096 4.123 84 701 1
0 0 0 0 0 0 0 0 0 0 0 0 0 0 0 0 0 0 0 0 3.57 0 3.57 0 0 0 0 0 0 0 0 0 0 0 0 0 0 0 0 0 0 0 0 0 0 0 0 0 0 0 0 0.606 0.606 0 3.111 10 28 1
0 0 0 0 0 0 0 0 0 0 0 0 0 0 0 0 0 0 0 0 0 0 0 0 0 0 0 0 0 0 0 0 0 0 0 0 0 0 0 0 0 0 0 0 1.47 1.47 0 0 0 1.066 0 0.213 0 0 1.333 3 36 0
0 0 0 0 0 0 0 0 0 0 0 0 0 0 0 0 0 0 0 0 0 0 0 0 11.11 0 11.11 0 0 0 0 0 0 0 0 0 0 0 0 0 0 0 0 0 0 0 0 0 0 0 0 0 0 0 1 1 5 0
0 0 0 0 0.19 0 0 0 0 0 0.19 0.77 0.19 0 0 0.19 0 0.19 0.38 0.19 0 0 0 0 0.19 0 0 0.38 0 0 0 0 0 0 0 0.19 0.38 0 0.19 0 0 0.38 0 0 0 0 0 0 0.068 0.113 0 0.022 0.045 0 1.74 21 395 0
0 0 0 0 0.86 0 0.86 0 0 0 0 0 0 0 0.86 0 0 1.72 0.86 0 0 0 0 0 0 0 0 0 0 0 0 0 0 0 0 0.86 0 0 0 0 0 0 0 0 0.86 0 0 0 0 0.272 0 0 0.136 0 4.541 31 109 1
0 1.32 0.56 0 0 0.94 0 0.37 0.37 0.75 0 2.07 0 0 0 0 0.37 0 2.45 0 0.94 0 0 0.18 0 0 0.18 0 0 0 0 0 0 0 0 0 0 0 0 0 0 0 0 0 0 0 0 0 0 0.08 0 0.295 0.107 0 2.542 34 239 1
0 0 0.51 0 0.51 0 0 0 0 0 0 0.51 0 0 0 0 0 0 0 0 0 0 0 0 2.07 2.07 0 0 0 0 0 0 0 0 0 0 1.55 0 0 0 0 0.51 0 0 0 0 0 0.51 0.165 0.497 0 0.082 0 0 3.525 20 208 0
0 0 0 0 0 0 0 0 0 0 0 0.76 0 0 0 0 0 0.76 1.52 0 0 0 0 0 0 0 0 0 0 0 0 0 0 0 0 0 0 0 0 0 0 0 0 0 0 0 0 0 0 0.133 0 0.266 0 0 1 1 23 0
0 0 1.88 0 0.94 0 0 0 0 0 0 0 0 0 0 0 0 0 2.83 0 0 0 0 0 0 0 0 0 0 0 0 0 0 0 0 0 0 0 0 0 0 0 0 0 0.94 0 0 0 0 0 0 0.756 0 0 1 1 22 0
0 0.18 0.18 0 0.74 0 0.18 0 0 0.55 0.18 0.18 0 0 0.18 0 0 0 1.11 0 0.74 0 0 0 0 0 0 0 0 0.18 0 0 0.37 0 0 0.74 0 0 0 0 0 0 0 0 0 0 0 0 0 0.058 0 0 0.029 1.57 2.166 11 208 1
0 0 0 0 0 0 0 0 0 0 0 0 0.68 0 0 0 0 0 4.1 0 0 0 0 0 0 0 0 0 0 0 0 0 0 0 0 0 0.68 0 0 0 0 0 0 0 0.68 3.42 0 0 0 0 0 0.109 0.218 0 1.897 15 74 0
0 0 0 0 0 0 0 0 0 0 0 0 0 0 0 0 0 0 0 0 0 0 0 0 0 0 0 0 0 0 0 0 0 0 0 0 0 0 0 0 0 0 0 0 0 0 0 0 0 0 0 1.315 0 0 1 1 7 0
0 0 0 0 0 0 0 0 0 0 0 0.14 0 0 0 0 0 0 0 0 0.14 0 0 0 5.16 0 0 0 0.14 0.44 0 0 0.14 0 0 0 1.47 0 0.59 0 0 0 0 0 0.29 0 0 0 0.186 0.538 0.124 0 0 0 4.454 55 931 0
0 0 0 0 0 0 0 0 0 1.25 0 1.25 0 0 0 0 0 0 2.5 0 1.25 0 0 0 1.25 1.25 0 0 0 0 0 0 0 0 0 0 0 0 1.25 0 0 0 0 0 1.25 1.25 0 0 0 0 0 0 0.204 0 2.45 15 49 0
0 0 1.49 0 0 0 0 0 0 0 0 1.49 0 0 0 0 0 0 1.49 0 0 0 0 0 0 0 0 0 0 0 0 0 0 0 0 0 0 0 0 0 0 1.49 0 0 0 0 0 0 0 0.238 0 0.238 0 0 2 8 50 0
0 0 0 0 0 0.8 0 0 0.8 0 0 0 0 0 0 0 0 0.8 1.6 0 0 0 0 0 0 0 0 0 0.8 0 0 0 0 0 0 0 0 0 0 0 0 0 0 0.8 0 0 0.8 0 0 0.294 0 0 0 0 1.166 2 14 0
0 0 0.38 0 0.38 0.38 0 0 0.38 0 0 1.55 0 0 0 0 0 0 1.16 0 0.38 0 0 0 0.77 0.77 0.38 0 0 0 0 0 1.93 0 0 0 0 0 0.38 0 0 0 0 0 1.16 0 0 0 0 0.061 0 0 0 0 2.953 34 127 0
0 0 0 0 0.63 0 0 0 0 0 0 0 0 0 0 0 0 0 1.89 0 0 0 0 0 0 0 0 0 0 0 0 0 0 0 0 0 0 0 0 0 0 0 0 0.63 0 0 0 0 0 0.103 0 0.62 0 0 1 1 26 0
0.66 0 0.66 0 0 0 0 0 0 0.66 0 0 0 0 0 1.98 1.32 0 1.32 0 1.32 0 0 0 0 0 0 0 0 0 0 0 0 0 0 0 0 0 0 0 0 0 0 0 0 0 0 0 0 0 0 2.205 0 0 3.184 34 121 1
0 0 0 0 0 0 0 0 0 0 0 0 0 0 0 0 0 0 0 0 0 0 0 0 0 0 0 0 0 0 0 0 0 0 0 0 1.96 0 1.96 0 0 0 0.98 0 0 0 0 0.98 0 0.377 0 0.125 0 0 2.925 27 158 0
0.44 0 0.88 0 0.44 1.32 0.44 0 0 0 0 0 0 0 0 0 0 0.44 1.76 0 2.2 0 2.2 0 0 0 0 0 0 0 0 0 0 0 0 0 0 0 0 0 0 0 0 0 0 0 0 0 0.215 0 0 0.43 0.358 0 2.403 16 137 1
0 0 0 0 0 0 0 0 0 0 0 0.54 0.54 0 0 0 0 0 0.54 0 0 0 0 0 0 0 0 0 0 0 0 0 0 0 0 0.54 0 0 0.54 0 0 2.7 0 0.54 0 0 0 0 0 0.087 0 0.087 0 0 2.363 5 52 0
0 0 1.85 0 0 0 0 0 0 0 0 0 0 0 0 0 0 0 0 0 0 0 0 0 0 0 0 0 0 0 0 0 0 0 0 0 0 0 0 0 0 0 0 0 0 1.85 0 0 0 0.398 0 0 0 0.199 3.055 11 55 0
0 0 0.26 0 0.26 0.13 0 0 0 0 0 0.52 0 0 0 0 0.39 0 1.05 0 1.05 0 0 0 0.39 0 0 0 0 0 0 0 0 0 0 0.13 0 0 0 0 0 0 0 0 0 0 0 0 0.017 0.089 0.017 0.035 0.053 0.053 5.189 107 685 0
0 0 0 0 0.54 0 0 0 0 0 0.54 1.09 0 0 0 0 0 0 3.82 0 0 0 0 0 2.18 2.18 0 0.54 0 1.09 0 0 0 0 0.54 0 0 0 0 0 0 0 0.54 0 0.54 0 0 0 0 0.087 0 0 0 0 3.533 34 159 0
0 0 0 0 0 0 0 0 0 0 0 0 0 0 0 0 0 0 3.03 0 0 0 0 0 0 0 3.03 0 0 0 0 0 0 0 0 0 0 0 0 0 0 0 0 0 3.03 0 0 0 0 0 0 0 0 0 1.272 4 14 0